9
0 0.250000
0 0.321429
0 0.392857
0 0.464286
0 0.535714
0 0.607143
0 0.678571
0.250000 0.370000
-0.250000 0.370000
254
0.990000 0.250000
-0.990000 0.250000
0.990000 0.250010
-0.990000 0.250010
0.990000 0.250020
-0.990000 0.250020
0.990000 0.250030
-0.990000 0.250030
0.990000 0.250040
-0.990000 0.250040
0.990000 0.250050
-0.990000 0.250050
0.990000 0.250060
-0.990000 0.250060
0.990000 0.250070
-0.990000 0.250070
0.990000 0.250080
-0.990000 0.250080
0.990000 0.250090
-0.990000 0.250090
0.990000 0.250100
-0.990000 0.250100
0.990000 0.250110
-0.990000 0.250110
0.990000 0.250120
-0.990000 0.250120
0.990000 0.250130
-0.990000 0.250130
0.990000 0.250140
-0.990000 0.250140
0.990000 0.250150
-0.990000 0.250150
0.990000 0.250160
-0.990000 0.250160
0.990000 0.250170
-0.990000 0.250170
0.990000 0.250180
-0.990000 0.250180
0.990000 0.250190
-0.990000 0.250190
0.990000 0.250200
-0.990000 0.250200
0.990000 0.250210
-0.990000 0.250210
0.990000 0.250220
-0.990000 0.250220
0.990000 0.250230
-0.990000 0.250230
0.990000 0.250240
-0.990000 0.250240
0.990000 0.250250
-0.990000 0.250250
0.990000 0.250260
-0.990000 0.250260
0.990000 0.250270
-0.990000 0.250270
0.990000 0.250280
-0.990000 0.250280
0.990000 0.250290
-0.990000 0.250290
0.990000 0.250300
-0.990000 0.250300
0.990000 0.250310
-0.990000 0.250310
0.990000 0.250320
-0.990000 0.250320
0.990000 0.250330
-0.990000 0.250330
0.990000 0.250340
-0.990000 0.250340
0.990000 0.250350
-0.990000 0.250350
0.990000 0.250360
-0.990000 0.250360
0.990000 0.250370
-0.990000 0.250370
0.990000 0.250380
-0.990000 0.250380
0.990000 0.250390
-0.990000 0.250390
0.990000 0.250400
-0.990000 0.250400
0.990000 0.250410
-0.990000 0.250410
0.990000 0.250420
-0.990000 0.250420
0.990000 0.250430
-0.990000 0.250430
0.990000 0.250440
-0.990000 0.250440
0.990000 0.250450
-0.990000 0.250450
0.990000 0.250460
-0.990000 0.250460
0.990000 0.250470
-0.990000 0.250470
0.990000 0.250480
-0.990000 0.250480
0.990000 0.250490
-0.990000 0.250490
0.990000 0.250500
-0.990000 0.250500
0.990000 0.250510
-0.990000 0.250510
0.990000 0.250520
-0.990000 0.250520
0.990000 0.250530
-0.990000 0.250530
0.990000 0.250540
-0.990000 0.250540
0.990000 0.250550
-0.990000 0.250550
0.990000 0.250560
-0.990000 0.250560
0.990000 0.250570
-0.990000 0.250570
0.990000 0.250580
-0.990000 0.250580
0.990000 0.250590
-0.990000 0.250590
0.990000 0.250600
-0.990000 0.250600
0.990000 0.250610
-0.990000 0.250610
0.990000 0.250620
-0.990000 0.250620
0.990000 0.250630
-0.990000 0.250630
0.990000 0.321429
-0.990000 0.321429
0.990000 0.321439
-0.990000 0.321439
0.990000 0.321449
-0.990000 0.321449
0.990000 0.321459
-0.990000 0.321459
0.990000 0.321469
-0.990000 0.321469
0.990000 0.321479
-0.990000 0.321479
0.990000 0.321489
-0.990000 0.321489
0.990000 0.321499
-0.990000 0.321499
0.990000 0.321509
-0.990000 0.321509
0.990000 0.321519
-0.990000 0.321519
0.990000 0.321529
-0.990000 0.321529
0.990000 0.321539
-0.990000 0.321539
0.990000 0.321549
-0.990000 0.321549
0.990000 0.321559
-0.990000 0.321559
0.990000 0.321569
-0.990000 0.321569
0.990000 0.321579
-0.990000 0.321579
0.990000 0.321589
-0.990000 0.321589
0.990000 0.321599
-0.990000 0.321599
0.990000 0.321609
-0.990000 0.321609
0.990000 0.321619
-0.990000 0.321619
0.990000 0.321629
-0.990000 0.321629
0.990000 0.321639
-0.990000 0.321639
0.990000 0.321649
-0.990000 0.321649
0.990000 0.321659
-0.990000 0.321659
0.990000 0.321669
-0.990000 0.321669
0.990000 0.321679
-0.990000 0.321679
0.990000 0.321689
-0.990000 0.321689
0.990000 0.321699
-0.990000 0.321699
0.990000 0.321709
-0.990000 0.321709
0.990000 0.321719
-0.990000 0.321719
0.990000 0.321729
-0.990000 0.321729
0.990000 0.321739
-0.990000 0.321739
0.990000 0.392857
-0.990000 0.392857
0.990000 0.392867
-0.990000 0.392867
0.990000 0.392877
-0.990000 0.392877
0.990000 0.392887
-0.990000 0.392887
0.990000 0.392897
-0.990000 0.392897
0.990000 0.392907
-0.990000 0.392907
0.990000 0.392917
-0.990000 0.392917
0.990000 0.392927
-0.990000 0.392927
0.990000 0.392937
-0.990000 0.392937
0.990000 0.392947
-0.990000 0.392947
0.990000 0.392957
-0.990000 0.392957
0.990000 0.392967
-0.990000 0.392967
0.990000 0.392977
-0.990000 0.392977
0.990000 0.392987
-0.990000 0.392987
0.990000 0.392997
-0.990000 0.392997
0.990000 0.393007
-0.990000 0.393007
0.990000 0.464286
-0.990000 0.464286
0.990000 0.464296
-0.990000 0.464296
0.990000 0.464306
-0.990000 0.464306
0.990000 0.464316
-0.990000 0.464316
0.990000 0.464326
-0.990000 0.464326
0.990000 0.464336
-0.990000 0.464336
0.990000 0.464346
-0.990000 0.464346
0.990000 0.464356
-0.990000 0.464356
0.990000 0.535714
-0.990000 0.535714
0.990000 0.535724
-0.990000 0.535724
0.990000 0.535734
-0.990000 0.535734
0.990000 0.535744
-0.990000 0.535744
0.990000 0.607143
-0.990000 0.607143
0.990000 0.607153
-0.990000 0.607153
0.990000 0.678571
-0.990000 0.678571
