142
0.252289 0.291229
0.291962 0.300629
0.282990 0.294891
0.256378 0.351105
0.305298 0.330750
0.308075 0.321533
0.435242 0.263763
0.281403 0.440186
0.463104 0.458862
0.401611 0.400604
0.209503 0.141144
0.027618 0.220428
0.079376 0.264282
0.187836 0.426605
0.160889 0.434479
0.409485 0.150787
0.354706 0.101746
0.658325 0.475159
0.530884 0.415009
0.638611 0.074188
0.574768 0.113983
0.088013 0.534790
0.793976 0.603638
-0.419037 -0.038971
-0.362427 -0.015289
-0.310730 -0.093384
-0.322693 -0.314117
-0.383728 -0.253937
-0.584656 -0.556885
-0.553467 -0.119965
-0.058655 -0.949585
-0.798584 0.321838
-0.787720 0.357971
-0.801208 0.366608
-0.873047 0.343018
-0.822174 0.337189
-0.829590 0.326965
-0.871887 0.427521
-0.768341 0.413025
-0.811829 0.043793
-0.888794 0.015564
-0.619110 0.002258
-0.630402 0.160492
-0.632751 0.428009
-0.563293 0.478210
-0.136658 0.247498
-0.112152 0.179260
-0.127167 0.433655
-0.242981 0.353271
-0.173096 0.577728
-0.160065 0.744873
-0.477570 0.733459
-0.320618 0.618439
0.362640 -0.865692
0.364227 -0.866333
0.363312 -0.863739
0.366577 -0.874695
0.359375 -0.868927
0.359955 -0.869843
0.350525 -0.868164
0.343872 -0.853394
0.359802 -0.846313
0.369476 -0.852936
0.338745 -0.861115
0.342804 -0.854584
0.319611 -0.816559
0.331299 -0.814941
0.353149 -0.826508
0.353210 -0.831940
0.306274 -0.836334
0.300354 -0.812714
0.300110 -0.857727
0.311310 -0.867126
0.300201 -0.757416
0.359222 -0.790100
0.369812 -0.801056
0.328583 -0.786163
0.317078 -0.787506
0.262207 -0.945648
0.276550 -0.942535
0.477966 -0.832520
0.454834 -0.818451
0.454498 -0.834564
0.390747 -0.812012
0.434448 -0.790649
0.424194 -0.811096
0.190613 -0.957855
0.174896 -0.959900
0.212219 -0.778656
0.185760 -0.763245
0.056946 -0.686462
0.032257 -0.651794
0.044708 -0.628967
0.000458 -0.734192
0.012024 -0.699707
0.019623 -0.688171
0.210907 -0.634552
0.028931 -0.599152
0.083252 -0.561615
0.136627 -0.520416
0.464386 -0.539917
0.463043 -0.513062
0.441711 -0.526031
0.447205 -0.581848
0.497864 -0.598633
0.492584 -0.618622
0.272461 -0.738098
0.281189 -0.563263
0.255554 -0.538574
0.475525 -0.719360
0.264160 -0.417542
0.284485 -0.398468
0.306793 -0.384521
0.301086 -0.446808
0.257324 -0.477264
0.262238 -0.496155
0.418091 -0.483459
0.259094 -0.298370
0.386871 -0.272003
0.467987 -0.304993
0.080688 -0.314819
0.236267 -0.262726
0.128540 -0.142059
0.070343 -0.021454
0.299103 -0.247681
0.467102 -0.240784
0.586823 -0.222626
0.588593 -0.199127
0.569305 -0.188812
0.524323 -0.226685
0.544769 -0.225372
0.543488 -0.241211
0.658173 -0.230957
0.644409 -0.141052
0.600433 -0.029327
0.746124 -0.072113
0.536346 -0.376099
0.723358 -0.260742
0.877686 -0.366394
0.826233 -0.347595
0.804657 -0.053497
0.765717 -0.129944
250
1.034180 1.297241
1.034668 1.302155
1.033936 1.304535
1.035980 1.308929
1.038300 1.308258
1.036499 1.306213
1.034393 1.290253
1.061310 1.286957
1.047668 1.291779
1.061157 1.305908
1.011475 1.252777
1.003357 1.266266
1.024597 1.311218
1.003906 1.302368
1.062256 1.252594
1.059265 1.270569
1.090668 1.301605
1.080231 1.276215
1.041443 1.314423
1.053864 1.325226
1.014343 1.313049
1.013397 1.336639
1.075531 1.371704
1.075073 1.347687
1.113007 1.327332
1.107910 1.332245
1.174591 1.373444
1.194611 1.279053
1.196869 1.310669
1.079132 1.383545
1.117126 1.433655
1.102295 1.436829
1.058075 1.407898
1.015839 1.409729
1.027618 1.434601
1.243561 1.465485
1.239746 1.469482
1.220245 1.490753
1.173615 1.412018
1.148590 1.424774
1.129791 1.436768
1.064026 1.125458
1.103790 1.188873
1.195892 1.201355
1.140717 1.159149
1.315582 1.187988
1.342957 1.248383
1.320404 1.230804
1.253357 1.213776
1.289337 1.194824
1.300201 1.209229
1.346771 1.021362
1.451904 1.036591
1.397430 1.111206
1.423859 1.168427
1.293823 1.462372
1.288971 1.438171
1.332642 1.424438
1.368378 1.396118
1.360626 1.385040
1.336212 1.351044
1.446045 1.356659
1.408813 1.289673
1.380219 1.377014
1.064087 1.523926
1.510406 1.263397
1.678009 1.016479
1.682526 1.051514
1.669006 1.033325
1.594055 1.010132
1.509888 1.103943
1.501953 1.242371
0.400177 0.934418
0.929504 0.681213
0.534454 0.982452
0.639954 0.871765
0.093079 1.705475
0.044922 1.710175
0.130890 1.673859
0.424500 1.518127
0.381683 1.516876
0.397461 1.516785
0.258942 1.556274
0.112122 1.304626
0.107849 1.255341
0.110382 1.272949
0.091736 1.367981
0.122620 1.336792
0.096069 1.321960
0.158997 1.323853
0.095917 1.403839
0.156891 1.401520
0.194031 1.387695
0.154724 1.082611
0.003082 1.091949
0.454041 1.048492
0.349487 1.166229
0.399933 1.419373
0.320312 1.428925
0.556244 1.092377
0.521149 1.083344
0.508240 1.083832
0.502869 1.009399
0.507416 1.060944
0.522339 1.037201
0.652527 1.085419
0.578613 1.181244
0.635864 1.148499
0.642792 1.221008
0.818176 1.098877
0.984070 1.226898
0.709351 1.278748
0.583954 1.382874
0.877869 1.422394
0.788971 1.267578
0.930206 1.574799
1.657562 0.215485
1.660675 0.215179
1.664001 0.217407
1.657043 0.209167
1.661652 0.204468
1.661926 0.206268
1.665375 0.196838
1.673889 0.201355
1.680450 0.191620
1.679199 0.206390
1.629791 0.197083
1.644073 0.192078
1.642944 0.227386
1.639984 0.224640
1.661102 0.234924
1.679382 0.245544
1.643860 0.165009
1.665955 0.174561
1.701996 0.152679
1.703125 0.154022
1.745483 0.184204
1.728943 0.162842
1.693237 0.207092
1.711975 0.189941
1.740540 0.193665
1.726898 0.197327
1.602417 0.077637
1.593597 0.114410
1.571136 0.111420
1.614807 0.031494
1.591400 0.024048
1.568237 0.009827
1.593903 0.187653
1.546570 0.199066
1.527130 0.209534
1.710022 0.112335
1.710205 0.078888
1.689972 0.086243
1.675262 0.055603
1.630249 0.009277
1.643677 0.021729
1.781555 0.152252
1.774994 0.133881
1.755737 0.139343
1.622955 0.464111
1.561829 0.483765
1.679932 0.416565
1.724884 0.461517
1.757019 0.414917
1.484253 0.281097
1.323120 0.462280
1.366547 0.401978
1.391968 0.108978
1.318451 0.007812
1.277252 0.657135
1.311768 0.677948
1.307800 0.666779
1.363190 0.673096
1.330902 0.636017
1.315735 0.647095
1.333679 0.560211
1.485504 0.504517
1.461182 0.570770
1.490906 0.674805
1.099823 0.534027
1.205841 0.624084
1.236206 0.978546
1.118256 0.878906
1.385193 0.760437
1.254669 0.766663
1.614471 0.547974
1.742584 0.633698
1.519226 0.951477
1.688721 0.956696
1.791016 0.624451
0.353088 -0.956848
0.339600 -0.963776
0.320557 -0.954498
0.267761 -0.983673
0.468536 -0.889557
0.381317 -0.979828
0.407196 -0.956757
0.832031 -0.612457
0.981506 -0.546051
0.907776 -0.506714
0.676239 -0.972565
0.520538 -0.861053
0.162811 -1.517090
0.180054 -1.556915
0.157440 -1.549805
0.218353 -1.523407
0.228729 -1.552673
0.230408 -1.541382
0.063843 -1.671326
0.048248 -1.537231
0.116547 -1.611725
0.203644 -1.646759
0.081970 -1.918243
0.225555 -1.875854
0.344604 -1.936401
0.253998 -1.825134
0.411865 -1.701721
0.316528 -1.500946
0.612213 -1.880798
0.058228 -1.143677
0.966248 -1.259949
0.972839 -1.450378
0.819580 -1.093109
0.920349 -1.236115
1.321442 -1.350281
1.010345 -1.219482
1.156464 -1.189087
1.143127 -0.014465
1.171417 -0.012482
1.179413 -0.020477
1.141663 -0.066498
1.156769 -0.099457
1.187164 -0.102020
1.096069 -0.240051
1.028778 -0.062958
1.109772 -0.118164
1.234741 -0.209900
1.222870 -0.347809
1.144196 -0.436279
1.470490 -0.287842
1.286163 -0.418610
1.478424 -0.197174
1.316254 -0.062897
1.475739 -0.788940
1.306183 -0.987000
1.204620 -0.853302
1.066772 -0.768494
1.564667 -0.434113
1.588562 -0.272064
