13
0 0.250000
0 0.295455
0 0.340909
0 0.386364
0 0.431818
0 0.477273
0 0.522727
0 0.568182
0 0.613636
0 0.659091
0 0.704545
0.250000 0.370000
-0.250000 0.370000
4094
0.990000 0.250000
-0.990000 0.250000
0.990000 0.250010
-0.990000 0.250010
0.990000 0.250020
-0.990000 0.250020
0.990000 0.250030
-0.990000 0.250030
0.990000 0.250040
-0.990000 0.250040
0.990000 0.250050
-0.990000 0.250050
0.990000 0.250060
-0.990000 0.250060
0.990000 0.250070
-0.990000 0.250070
0.990000 0.250080
-0.990000 0.250080
0.990000 0.250090
-0.990000 0.250090
0.990000 0.250100
-0.990000 0.250100
0.990000 0.250110
-0.990000 0.250110
0.990000 0.250120
-0.990000 0.250120
0.990000 0.250130
-0.990000 0.250130
0.990000 0.250140
-0.990000 0.250140
0.990000 0.250150
-0.990000 0.250150
0.990000 0.250160
-0.990000 0.250160
0.990000 0.250170
-0.990000 0.250170
0.990000 0.250180
-0.990000 0.250180
0.990000 0.250190
-0.990000 0.250190
0.990000 0.250200
-0.990000 0.250200
0.990000 0.250210
-0.990000 0.250210
0.990000 0.250220
-0.990000 0.250220
0.990000 0.250230
-0.990000 0.250230
0.990000 0.250240
-0.990000 0.250240
0.990000 0.250250
-0.990000 0.250250
0.990000 0.250260
-0.990000 0.250260
0.990000 0.250270
-0.990000 0.250270
0.990000 0.250280
-0.990000 0.250280
0.990000 0.250290
-0.990000 0.250290
0.990000 0.250300
-0.990000 0.250300
0.990000 0.250310
-0.990000 0.250310
0.990000 0.250320
-0.990000 0.250320
0.990000 0.250330
-0.990000 0.250330
0.990000 0.250340
-0.990000 0.250340
0.990000 0.250350
-0.990000 0.250350
0.990000 0.250360
-0.990000 0.250360
0.990000 0.250370
-0.990000 0.250370
0.990000 0.250380
-0.990000 0.250380
0.990000 0.250390
-0.990000 0.250390
0.990000 0.250400
-0.990000 0.250400
0.990000 0.250410
-0.990000 0.250410
0.990000 0.250420
-0.990000 0.250420
0.990000 0.250430
-0.990000 0.250430
0.990000 0.250440
-0.990000 0.250440
0.990000 0.250450
-0.990000 0.250450
0.990000 0.250460
-0.990000 0.250460
0.990000 0.250470
-0.990000 0.250470
0.990000 0.250480
-0.990000 0.250480
0.990000 0.250490
-0.990000 0.250490
0.990000 0.250500
-0.990000 0.250500
0.990000 0.250510
-0.990000 0.250510
0.990000 0.250520
-0.990000 0.250520
0.990000 0.250530
-0.990000 0.250530
0.990000 0.250540
-0.990000 0.250540
0.990000 0.250550
-0.990000 0.250550
0.990000 0.250560
-0.990000 0.250560
0.990000 0.250570
-0.990000 0.250570
0.990000 0.250580
-0.990000 0.250580
0.990000 0.250590
-0.990000 0.250590
0.990000 0.250600
-0.990000 0.250600
0.990000 0.250610
-0.990000 0.250610
0.990000 0.250620
-0.990000 0.250620
0.990000 0.250630
-0.990000 0.250630
0.990000 0.250640
-0.990000 0.250640
0.990000 0.250650
-0.990000 0.250650
0.990000 0.250660
-0.990000 0.250660
0.990000 0.250670
-0.990000 0.250670
0.990000 0.250680
-0.990000 0.250680
0.990000 0.250690
-0.990000 0.250690
0.990000 0.250700
-0.990000 0.250700
0.990000 0.250710
-0.990000 0.250710
0.990000 0.250720
-0.990000 0.250720
0.990000 0.250730
-0.990000 0.250730
0.990000 0.250740
-0.990000 0.250740
0.990000 0.250750
-0.990000 0.250750
0.990000 0.250760
-0.990000 0.250760
0.990000 0.250770
-0.990000 0.250770
0.990000 0.250780
-0.990000 0.250780
0.990000 0.250790
-0.990000 0.250790
0.990000 0.250800
-0.990000 0.250800
0.990000 0.250810
-0.990000 0.250810
0.990000 0.250820
-0.990000 0.250820
0.990000 0.250830
-0.990000 0.250830
0.990000 0.250840
-0.990000 0.250840
0.990000 0.250850
-0.990000 0.250850
0.990000 0.250860
-0.990000 0.250860
0.990000 0.250870
-0.990000 0.250870
0.990000 0.250880
-0.990000 0.250880
0.990000 0.250890
-0.990000 0.250890
0.990000 0.250900
-0.990000 0.250900
0.990000 0.250910
-0.990000 0.250910
0.990000 0.250920
-0.990000 0.250920
0.990000 0.250930
-0.990000 0.250930
0.990000 0.250940
-0.990000 0.250940
0.990000 0.250950
-0.990000 0.250950
0.990000 0.250960
-0.990000 0.250960
0.990000 0.250970
-0.990000 0.250970
0.990000 0.250980
-0.990000 0.250980
0.990000 0.250990
-0.990000 0.250990
0.990000 0.251000
-0.990000 0.251000
0.990000 0.251010
-0.990000 0.251010
0.990000 0.251020
-0.990000 0.251020
0.990000 0.251030
-0.990000 0.251030
0.990000 0.251040
-0.990000 0.251040
0.990000 0.251050
-0.990000 0.251050
0.990000 0.251060
-0.990000 0.251060
0.990000 0.251070
-0.990000 0.251070
0.990000 0.251080
-0.990000 0.251080
0.990000 0.251090
-0.990000 0.251090
0.990000 0.251100
-0.990000 0.251100
0.990000 0.251110
-0.990000 0.251110
0.990000 0.251120
-0.990000 0.251120
0.990000 0.251130
-0.990000 0.251130
0.990000 0.251140
-0.990000 0.251140
0.990000 0.251150
-0.990000 0.251150
0.990000 0.251160
-0.990000 0.251160
0.990000 0.251170
-0.990000 0.251170
0.990000 0.251180
-0.990000 0.251180
0.990000 0.251190
-0.990000 0.251190
0.990000 0.251200
-0.990000 0.251200
0.990000 0.251210
-0.990000 0.251210
0.990000 0.251220
-0.990000 0.251220
0.990000 0.251230
-0.990000 0.251230
0.990000 0.251240
-0.990000 0.251240
0.990000 0.251250
-0.990000 0.251250
0.990000 0.251260
-0.990000 0.251260
0.990000 0.251270
-0.990000 0.251270
0.990000 0.251280
-0.990000 0.251280
0.990000 0.251290
-0.990000 0.251290
0.990000 0.251300
-0.990000 0.251300
0.990000 0.251310
-0.990000 0.251310
0.990000 0.251320
-0.990000 0.251320
0.990000 0.251330
-0.990000 0.251330
0.990000 0.251340
-0.990000 0.251340
0.990000 0.251350
-0.990000 0.251350
0.990000 0.251360
-0.990000 0.251360
0.990000 0.251370
-0.990000 0.251370
0.990000 0.251380
-0.990000 0.251380
0.990000 0.251390
-0.990000 0.251390
0.990000 0.251400
-0.990000 0.251400
0.990000 0.251410
-0.990000 0.251410
0.990000 0.251420
-0.990000 0.251420
0.990000 0.251430
-0.990000 0.251430
0.990000 0.251440
-0.990000 0.251440
0.990000 0.251450
-0.990000 0.251450
0.990000 0.251460
-0.990000 0.251460
0.990000 0.251470
-0.990000 0.251470
0.990000 0.251480
-0.990000 0.251480
0.990000 0.251490
-0.990000 0.251490
0.990000 0.251500
-0.990000 0.251500
0.990000 0.251510
-0.990000 0.251510
0.990000 0.251520
-0.990000 0.251520
0.990000 0.251530
-0.990000 0.251530
0.990000 0.251540
-0.990000 0.251540
0.990000 0.251550
-0.990000 0.251550
0.990000 0.251560
-0.990000 0.251560
0.990000 0.251570
-0.990000 0.251570
0.990000 0.251580
-0.990000 0.251580
0.990000 0.251590
-0.990000 0.251590
0.990000 0.251600
-0.990000 0.251600
0.990000 0.251610
-0.990000 0.251610
0.990000 0.251620
-0.990000 0.251620
0.990000 0.251630
-0.990000 0.251630
0.990000 0.251640
-0.990000 0.251640
0.990000 0.251650
-0.990000 0.251650
0.990000 0.251660
-0.990000 0.251660
0.990000 0.251670
-0.990000 0.251670
0.990000 0.251680
-0.990000 0.251680
0.990000 0.251690
-0.990000 0.251690
0.990000 0.251700
-0.990000 0.251700
0.990000 0.251710
-0.990000 0.251710
0.990000 0.251720
-0.990000 0.251720
0.990000 0.251730
-0.990000 0.251730
0.990000 0.251740
-0.990000 0.251740
0.990000 0.251750
-0.990000 0.251750
0.990000 0.251760
-0.990000 0.251760
0.990000 0.251770
-0.990000 0.251770
0.990000 0.251780
-0.990000 0.251780
0.990000 0.251790
-0.990000 0.251790
0.990000 0.251800
-0.990000 0.251800
0.990000 0.251810
-0.990000 0.251810
0.990000 0.251820
-0.990000 0.251820
0.990000 0.251830
-0.990000 0.251830
0.990000 0.251840
-0.990000 0.251840
0.990000 0.251850
-0.990000 0.251850
0.990000 0.251860
-0.990000 0.251860
0.990000 0.251870
-0.990000 0.251870
0.990000 0.251880
-0.990000 0.251880
0.990000 0.251890
-0.990000 0.251890
0.990000 0.251900
-0.990000 0.251900
0.990000 0.251910
-0.990000 0.251910
0.990000 0.251920
-0.990000 0.251920
0.990000 0.251930
-0.990000 0.251930
0.990000 0.251940
-0.990000 0.251940
0.990000 0.251950
-0.990000 0.251950
0.990000 0.251960
-0.990000 0.251960
0.990000 0.251970
-0.990000 0.251970
0.990000 0.251980
-0.990000 0.251980
0.990000 0.251990
-0.990000 0.251990
0.990000 0.252000
-0.990000 0.252000
0.990000 0.252010
-0.990000 0.252010
0.990000 0.252020
-0.990000 0.252020
0.990000 0.252030
-0.990000 0.252030
0.990000 0.252040
-0.990000 0.252040
0.990000 0.252050
-0.990000 0.252050
0.990000 0.252060
-0.990000 0.252060
0.990000 0.252070
-0.990000 0.252070
0.990000 0.252080
-0.990000 0.252080
0.990000 0.252090
-0.990000 0.252090
0.990000 0.252100
-0.990000 0.252100
0.990000 0.252110
-0.990000 0.252110
0.990000 0.252120
-0.990000 0.252120
0.990000 0.252130
-0.990000 0.252130
0.990000 0.252140
-0.990000 0.252140
0.990000 0.252150
-0.990000 0.252150
0.990000 0.252160
-0.990000 0.252160
0.990000 0.252170
-0.990000 0.252170
0.990000 0.252180
-0.990000 0.252180
0.990000 0.252190
-0.990000 0.252190
0.990000 0.252200
-0.990000 0.252200
0.990000 0.252210
-0.990000 0.252210
0.990000 0.252220
-0.990000 0.252220
0.990000 0.252230
-0.990000 0.252230
0.990000 0.252240
-0.990000 0.252240
0.990000 0.252250
-0.990000 0.252250
0.990000 0.252260
-0.990000 0.252260
0.990000 0.252270
-0.990000 0.252270
0.990000 0.252280
-0.990000 0.252280
0.990000 0.252290
-0.990000 0.252290
0.990000 0.252300
-0.990000 0.252300
0.990000 0.252310
-0.990000 0.252310
0.990000 0.252320
-0.990000 0.252320
0.990000 0.252330
-0.990000 0.252330
0.990000 0.252340
-0.990000 0.252340
0.990000 0.252350
-0.990000 0.252350
0.990000 0.252360
-0.990000 0.252360
0.990000 0.252370
-0.990000 0.252370
0.990000 0.252380
-0.990000 0.252380
0.990000 0.252390
-0.990000 0.252390
0.990000 0.252400
-0.990000 0.252400
0.990000 0.252410
-0.990000 0.252410
0.990000 0.252420
-0.990000 0.252420
0.990000 0.252430
-0.990000 0.252430
0.990000 0.252440
-0.990000 0.252440
0.990000 0.252450
-0.990000 0.252450
0.990000 0.252460
-0.990000 0.252460
0.990000 0.252470
-0.990000 0.252470
0.990000 0.252480
-0.990000 0.252480
0.990000 0.252490
-0.990000 0.252490
0.990000 0.252500
-0.990000 0.252500
0.990000 0.252510
-0.990000 0.252510
0.990000 0.252520
-0.990000 0.252520
0.990000 0.252530
-0.990000 0.252530
0.990000 0.252540
-0.990000 0.252540
0.990000 0.252550
-0.990000 0.252550
0.990000 0.252560
-0.990000 0.252560
0.990000 0.252570
-0.990000 0.252570
0.990000 0.252580
-0.990000 0.252580
0.990000 0.252590
-0.990000 0.252590
0.990000 0.252600
-0.990000 0.252600
0.990000 0.252610
-0.990000 0.252610
0.990000 0.252620
-0.990000 0.252620
0.990000 0.252630
-0.990000 0.252630
0.990000 0.252640
-0.990000 0.252640
0.990000 0.252650
-0.990000 0.252650
0.990000 0.252660
-0.990000 0.252660
0.990000 0.252670
-0.990000 0.252670
0.990000 0.252680
-0.990000 0.252680
0.990000 0.252690
-0.990000 0.252690
0.990000 0.252700
-0.990000 0.252700
0.990000 0.252710
-0.990000 0.252710
0.990000 0.252720
-0.990000 0.252720
0.990000 0.252730
-0.990000 0.252730
0.990000 0.252740
-0.990000 0.252740
0.990000 0.252750
-0.990000 0.252750
0.990000 0.252760
-0.990000 0.252760
0.990000 0.252770
-0.990000 0.252770
0.990000 0.252780
-0.990000 0.252780
0.990000 0.252790
-0.990000 0.252790
0.990000 0.252800
-0.990000 0.252800
0.990000 0.252810
-0.990000 0.252810
0.990000 0.252820
-0.990000 0.252820
0.990000 0.252830
-0.990000 0.252830
0.990000 0.252840
-0.990000 0.252840
0.990000 0.252850
-0.990000 0.252850
0.990000 0.252860
-0.990000 0.252860
0.990000 0.252870
-0.990000 0.252870
0.990000 0.252880
-0.990000 0.252880
0.990000 0.252890
-0.990000 0.252890
0.990000 0.252900
-0.990000 0.252900
0.990000 0.252910
-0.990000 0.252910
0.990000 0.252920
-0.990000 0.252920
0.990000 0.252930
-0.990000 0.252930
0.990000 0.252940
-0.990000 0.252940
0.990000 0.252950
-0.990000 0.252950
0.990000 0.252960
-0.990000 0.252960
0.990000 0.252970
-0.990000 0.252970
0.990000 0.252980
-0.990000 0.252980
0.990000 0.252990
-0.990000 0.252990
0.990000 0.253000
-0.990000 0.253000
0.990000 0.253010
-0.990000 0.253010
0.990000 0.253020
-0.990000 0.253020
0.990000 0.253030
-0.990000 0.253030
0.990000 0.253040
-0.990000 0.253040
0.990000 0.253050
-0.990000 0.253050
0.990000 0.253060
-0.990000 0.253060
0.990000 0.253070
-0.990000 0.253070
0.990000 0.253080
-0.990000 0.253080
0.990000 0.253090
-0.990000 0.253090
0.990000 0.253100
-0.990000 0.253100
0.990000 0.253110
-0.990000 0.253110
0.990000 0.253120
-0.990000 0.253120
0.990000 0.253130
-0.990000 0.253130
0.990000 0.253140
-0.990000 0.253140
0.990000 0.253150
-0.990000 0.253150
0.990000 0.253160
-0.990000 0.253160
0.990000 0.253170
-0.990000 0.253170
0.990000 0.253180
-0.990000 0.253180
0.990000 0.253190
-0.990000 0.253190
0.990000 0.253200
-0.990000 0.253200
0.990000 0.253210
-0.990000 0.253210
0.990000 0.253220
-0.990000 0.253220
0.990000 0.253230
-0.990000 0.253230
0.990000 0.253240
-0.990000 0.253240
0.990000 0.253250
-0.990000 0.253250
0.990000 0.253260
-0.990000 0.253260
0.990000 0.253270
-0.990000 0.253270
0.990000 0.253280
-0.990000 0.253280
0.990000 0.253290
-0.990000 0.253290
0.990000 0.253300
-0.990000 0.253300
0.990000 0.253310
-0.990000 0.253310
0.990000 0.253320
-0.990000 0.253320
0.990000 0.253330
-0.990000 0.253330
0.990000 0.253340
-0.990000 0.253340
0.990000 0.253350
-0.990000 0.253350
0.990000 0.253360
-0.990000 0.253360
0.990000 0.253370
-0.990000 0.253370
0.990000 0.253380
-0.990000 0.253380
0.990000 0.253390
-0.990000 0.253390
0.990000 0.253400
-0.990000 0.253400
0.990000 0.253410
-0.990000 0.253410
0.990000 0.253420
-0.990000 0.253420
0.990000 0.253430
-0.990000 0.253430
0.990000 0.253440
-0.990000 0.253440
0.990000 0.253450
-0.990000 0.253450
0.990000 0.253460
-0.990000 0.253460
0.990000 0.253470
-0.990000 0.253470
0.990000 0.253480
-0.990000 0.253480
0.990000 0.253490
-0.990000 0.253490
0.990000 0.253500
-0.990000 0.253500
0.990000 0.253510
-0.990000 0.253510
0.990000 0.253520
-0.990000 0.253520
0.990000 0.253530
-0.990000 0.253530
0.990000 0.253540
-0.990000 0.253540
0.990000 0.253550
-0.990000 0.253550
0.990000 0.253560
-0.990000 0.253560
0.990000 0.253570
-0.990000 0.253570
0.990000 0.253580
-0.990000 0.253580
0.990000 0.253590
-0.990000 0.253590
0.990000 0.253600
-0.990000 0.253600
0.990000 0.253610
-0.990000 0.253610
0.990000 0.253620
-0.990000 0.253620
0.990000 0.253630
-0.990000 0.253630
0.990000 0.253640
-0.990000 0.253640
0.990000 0.253650
-0.990000 0.253650
0.990000 0.253660
-0.990000 0.253660
0.990000 0.253670
-0.990000 0.253670
0.990000 0.253680
-0.990000 0.253680
0.990000 0.253690
-0.990000 0.253690
0.990000 0.253700
-0.990000 0.253700
0.990000 0.253710
-0.990000 0.253710
0.990000 0.253720
-0.990000 0.253720
0.990000 0.253730
-0.990000 0.253730
0.990000 0.253740
-0.990000 0.253740
0.990000 0.253750
-0.990000 0.253750
0.990000 0.253760
-0.990000 0.253760
0.990000 0.253770
-0.990000 0.253770
0.990000 0.253780
-0.990000 0.253780
0.990000 0.253790
-0.990000 0.253790
0.990000 0.253800
-0.990000 0.253800
0.990000 0.253810
-0.990000 0.253810
0.990000 0.253820
-0.990000 0.253820
0.990000 0.253830
-0.990000 0.253830
0.990000 0.253840
-0.990000 0.253840
0.990000 0.253850
-0.990000 0.253850
0.990000 0.253860
-0.990000 0.253860
0.990000 0.253870
-0.990000 0.253870
0.990000 0.253880
-0.990000 0.253880
0.990000 0.253890
-0.990000 0.253890
0.990000 0.253900
-0.990000 0.253900
0.990000 0.253910
-0.990000 0.253910
0.990000 0.253920
-0.990000 0.253920
0.990000 0.253930
-0.990000 0.253930
0.990000 0.253940
-0.990000 0.253940
0.990000 0.253950
-0.990000 0.253950
0.990000 0.253960
-0.990000 0.253960
0.990000 0.253970
-0.990000 0.253970
0.990000 0.253980
-0.990000 0.253980
0.990000 0.253990
-0.990000 0.253990
0.990000 0.254000
-0.990000 0.254000
0.990000 0.254010
-0.990000 0.254010
0.990000 0.254020
-0.990000 0.254020
0.990000 0.254030
-0.990000 0.254030
0.990000 0.254040
-0.990000 0.254040
0.990000 0.254050
-0.990000 0.254050
0.990000 0.254060
-0.990000 0.254060
0.990000 0.254070
-0.990000 0.254070
0.990000 0.254080
-0.990000 0.254080
0.990000 0.254090
-0.990000 0.254090
0.990000 0.254100
-0.990000 0.254100
0.990000 0.254110
-0.990000 0.254110
0.990000 0.254120
-0.990000 0.254120
0.990000 0.254130
-0.990000 0.254130
0.990000 0.254140
-0.990000 0.254140
0.990000 0.254150
-0.990000 0.254150
0.990000 0.254160
-0.990000 0.254160
0.990000 0.254170
-0.990000 0.254170
0.990000 0.254180
-0.990000 0.254180
0.990000 0.254190
-0.990000 0.254190
0.990000 0.254200
-0.990000 0.254200
0.990000 0.254210
-0.990000 0.254210
0.990000 0.254220
-0.990000 0.254220
0.990000 0.254230
-0.990000 0.254230
0.990000 0.254240
-0.990000 0.254240
0.990000 0.254250
-0.990000 0.254250
0.990000 0.254260
-0.990000 0.254260
0.990000 0.254270
-0.990000 0.254270
0.990000 0.254280
-0.990000 0.254280
0.990000 0.254290
-0.990000 0.254290
0.990000 0.254300
-0.990000 0.254300
0.990000 0.254310
-0.990000 0.254310
0.990000 0.254320
-0.990000 0.254320
0.990000 0.254330
-0.990000 0.254330
0.990000 0.254340
-0.990000 0.254340
0.990000 0.254350
-0.990000 0.254350
0.990000 0.254360
-0.990000 0.254360
0.990000 0.254370
-0.990000 0.254370
0.990000 0.254380
-0.990000 0.254380
0.990000 0.254390
-0.990000 0.254390
0.990000 0.254400
-0.990000 0.254400
0.990000 0.254410
-0.990000 0.254410
0.990000 0.254420
-0.990000 0.254420
0.990000 0.254430
-0.990000 0.254430
0.990000 0.254440
-0.990000 0.254440
0.990000 0.254450
-0.990000 0.254450
0.990000 0.254460
-0.990000 0.254460
0.990000 0.254470
-0.990000 0.254470
0.990000 0.254480
-0.990000 0.254480
0.990000 0.254490
-0.990000 0.254490
0.990000 0.254500
-0.990000 0.254500
0.990000 0.254510
-0.990000 0.254510
0.990000 0.254520
-0.990000 0.254520
0.990000 0.254530
-0.990000 0.254530
0.990000 0.254540
-0.990000 0.254540
0.990000 0.254550
-0.990000 0.254550
0.990000 0.254560
-0.990000 0.254560
0.990000 0.254570
-0.990000 0.254570
0.990000 0.254580
-0.990000 0.254580
0.990000 0.254590
-0.990000 0.254590
0.990000 0.254600
-0.990000 0.254600
0.990000 0.254610
-0.990000 0.254610
0.990000 0.254620
-0.990000 0.254620
0.990000 0.254630
-0.990000 0.254630
0.990000 0.254640
-0.990000 0.254640
0.990000 0.254650
-0.990000 0.254650
0.990000 0.254660
-0.990000 0.254660
0.990000 0.254670
-0.990000 0.254670
0.990000 0.254680
-0.990000 0.254680
0.990000 0.254690
-0.990000 0.254690
0.990000 0.254700
-0.990000 0.254700
0.990000 0.254710
-0.990000 0.254710
0.990000 0.254720
-0.990000 0.254720
0.990000 0.254730
-0.990000 0.254730
0.990000 0.254740
-0.990000 0.254740
0.990000 0.254750
-0.990000 0.254750
0.990000 0.254760
-0.990000 0.254760
0.990000 0.254770
-0.990000 0.254770
0.990000 0.254780
-0.990000 0.254780
0.990000 0.254790
-0.990000 0.254790
0.990000 0.254800
-0.990000 0.254800
0.990000 0.254810
-0.990000 0.254810
0.990000 0.254820
-0.990000 0.254820
0.990000 0.254830
-0.990000 0.254830
0.990000 0.254840
-0.990000 0.254840
0.990000 0.254850
-0.990000 0.254850
0.990000 0.254860
-0.990000 0.254860
0.990000 0.254870
-0.990000 0.254870
0.990000 0.254880
-0.990000 0.254880
0.990000 0.254890
-0.990000 0.254890
0.990000 0.254900
-0.990000 0.254900
0.990000 0.254910
-0.990000 0.254910
0.990000 0.254920
-0.990000 0.254920
0.990000 0.254930
-0.990000 0.254930
0.990000 0.254940
-0.990000 0.254940
0.990000 0.254950
-0.990000 0.254950
0.990000 0.254960
-0.990000 0.254960
0.990000 0.254970
-0.990000 0.254970
0.990000 0.254980
-0.990000 0.254980
0.990000 0.254990
-0.990000 0.254990
0.990000 0.255000
-0.990000 0.255000
0.990000 0.255010
-0.990000 0.255010
0.990000 0.255020
-0.990000 0.255020
0.990000 0.255030
-0.990000 0.255030
0.990000 0.255040
-0.990000 0.255040
0.990000 0.255050
-0.990000 0.255050
0.990000 0.255060
-0.990000 0.255060
0.990000 0.255070
-0.990000 0.255070
0.990000 0.255080
-0.990000 0.255080
0.990000 0.255090
-0.990000 0.255090
0.990000 0.255100
-0.990000 0.255100
0.990000 0.255110
-0.990000 0.255110
0.990000 0.255120
-0.990000 0.255120
0.990000 0.255130
-0.990000 0.255130
0.990000 0.255140
-0.990000 0.255140
0.990000 0.255150
-0.990000 0.255150
0.990000 0.255160
-0.990000 0.255160
0.990000 0.255170
-0.990000 0.255170
0.990000 0.255180
-0.990000 0.255180
0.990000 0.255190
-0.990000 0.255190
0.990000 0.255200
-0.990000 0.255200
0.990000 0.255210
-0.990000 0.255210
0.990000 0.255220
-0.990000 0.255220
0.990000 0.255230
-0.990000 0.255230
0.990000 0.255240
-0.990000 0.255240
0.990000 0.255250
-0.990000 0.255250
0.990000 0.255260
-0.990000 0.255260
0.990000 0.255270
-0.990000 0.255270
0.990000 0.255280
-0.990000 0.255280
0.990000 0.255290
-0.990000 0.255290
0.990000 0.255300
-0.990000 0.255300
0.990000 0.255310
-0.990000 0.255310
0.990000 0.255320
-0.990000 0.255320
0.990000 0.255330
-0.990000 0.255330
0.990000 0.255340
-0.990000 0.255340
0.990000 0.255350
-0.990000 0.255350
0.990000 0.255360
-0.990000 0.255360
0.990000 0.255370
-0.990000 0.255370
0.990000 0.255380
-0.990000 0.255380
0.990000 0.255390
-0.990000 0.255390
0.990000 0.255400
-0.990000 0.255400
0.990000 0.255410
-0.990000 0.255410
0.990000 0.255420
-0.990000 0.255420
0.990000 0.255430
-0.990000 0.255430
0.990000 0.255440
-0.990000 0.255440
0.990000 0.255450
-0.990000 0.255450
0.990000 0.255460
-0.990000 0.255460
0.990000 0.255470
-0.990000 0.255470
0.990000 0.255480
-0.990000 0.255480
0.990000 0.255490
-0.990000 0.255490
0.990000 0.255500
-0.990000 0.255500
0.990000 0.255510
-0.990000 0.255510
0.990000 0.255520
-0.990000 0.255520
0.990000 0.255530
-0.990000 0.255530
0.990000 0.255540
-0.990000 0.255540
0.990000 0.255550
-0.990000 0.255550
0.990000 0.255560
-0.990000 0.255560
0.990000 0.255570
-0.990000 0.255570
0.990000 0.255580
-0.990000 0.255580
0.990000 0.255590
-0.990000 0.255590
0.990000 0.255600
-0.990000 0.255600
0.990000 0.255610
-0.990000 0.255610
0.990000 0.255620
-0.990000 0.255620
0.990000 0.255630
-0.990000 0.255630
0.990000 0.255640
-0.990000 0.255640
0.990000 0.255650
-0.990000 0.255650
0.990000 0.255660
-0.990000 0.255660
0.990000 0.255670
-0.990000 0.255670
0.990000 0.255680
-0.990000 0.255680
0.990000 0.255690
-0.990000 0.255690
0.990000 0.255700
-0.990000 0.255700
0.990000 0.255710
-0.990000 0.255710
0.990000 0.255720
-0.990000 0.255720
0.990000 0.255730
-0.990000 0.255730
0.990000 0.255740
-0.990000 0.255740
0.990000 0.255750
-0.990000 0.255750
0.990000 0.255760
-0.990000 0.255760
0.990000 0.255770
-0.990000 0.255770
0.990000 0.255780
-0.990000 0.255780
0.990000 0.255790
-0.990000 0.255790
0.990000 0.255800
-0.990000 0.255800
0.990000 0.255810
-0.990000 0.255810
0.990000 0.255820
-0.990000 0.255820
0.990000 0.255830
-0.990000 0.255830
0.990000 0.255840
-0.990000 0.255840
0.990000 0.255850
-0.990000 0.255850
0.990000 0.255860
-0.990000 0.255860
0.990000 0.255870
-0.990000 0.255870
0.990000 0.255880
-0.990000 0.255880
0.990000 0.255890
-0.990000 0.255890
0.990000 0.255900
-0.990000 0.255900
0.990000 0.255910
-0.990000 0.255910
0.990000 0.255920
-0.990000 0.255920
0.990000 0.255930
-0.990000 0.255930
0.990000 0.255940
-0.990000 0.255940
0.990000 0.255950
-0.990000 0.255950
0.990000 0.255960
-0.990000 0.255960
0.990000 0.255970
-0.990000 0.255970
0.990000 0.255980
-0.990000 0.255980
0.990000 0.255990
-0.990000 0.255990
0.990000 0.256000
-0.990000 0.256000
0.990000 0.256010
-0.990000 0.256010
0.990000 0.256020
-0.990000 0.256020
0.990000 0.256030
-0.990000 0.256030
0.990000 0.256040
-0.990000 0.256040
0.990000 0.256050
-0.990000 0.256050
0.990000 0.256060
-0.990000 0.256060
0.990000 0.256070
-0.990000 0.256070
0.990000 0.256080
-0.990000 0.256080
0.990000 0.256090
-0.990000 0.256090
0.990000 0.256100
-0.990000 0.256100
0.990000 0.256110
-0.990000 0.256110
0.990000 0.256120
-0.990000 0.256120
0.990000 0.256130
-0.990000 0.256130
0.990000 0.256140
-0.990000 0.256140
0.990000 0.256150
-0.990000 0.256150
0.990000 0.256160
-0.990000 0.256160
0.990000 0.256170
-0.990000 0.256170
0.990000 0.256180
-0.990000 0.256180
0.990000 0.256190
-0.990000 0.256190
0.990000 0.256200
-0.990000 0.256200
0.990000 0.256210
-0.990000 0.256210
0.990000 0.256220
-0.990000 0.256220
0.990000 0.256230
-0.990000 0.256230
0.990000 0.256240
-0.990000 0.256240
0.990000 0.256250
-0.990000 0.256250
0.990000 0.256260
-0.990000 0.256260
0.990000 0.256270
-0.990000 0.256270
0.990000 0.256280
-0.990000 0.256280
0.990000 0.256290
-0.990000 0.256290
0.990000 0.256300
-0.990000 0.256300
0.990000 0.256310
-0.990000 0.256310
0.990000 0.256320
-0.990000 0.256320
0.990000 0.256330
-0.990000 0.256330
0.990000 0.256340
-0.990000 0.256340
0.990000 0.256350
-0.990000 0.256350
0.990000 0.256360
-0.990000 0.256360
0.990000 0.256370
-0.990000 0.256370
0.990000 0.256380
-0.990000 0.256380
0.990000 0.256390
-0.990000 0.256390
0.990000 0.256400
-0.990000 0.256400
0.990000 0.256410
-0.990000 0.256410
0.990000 0.256420
-0.990000 0.256420
0.990000 0.256430
-0.990000 0.256430
0.990000 0.256440
-0.990000 0.256440
0.990000 0.256450
-0.990000 0.256450
0.990000 0.256460
-0.990000 0.256460
0.990000 0.256470
-0.990000 0.256470
0.990000 0.256480
-0.990000 0.256480
0.990000 0.256490
-0.990000 0.256490
0.990000 0.256500
-0.990000 0.256500
0.990000 0.256510
-0.990000 0.256510
0.990000 0.256520
-0.990000 0.256520
0.990000 0.256530
-0.990000 0.256530
0.990000 0.256540
-0.990000 0.256540
0.990000 0.256550
-0.990000 0.256550
0.990000 0.256560
-0.990000 0.256560
0.990000 0.256570
-0.990000 0.256570
0.990000 0.256580
-0.990000 0.256580
0.990000 0.256590
-0.990000 0.256590
0.990000 0.256600
-0.990000 0.256600
0.990000 0.256610
-0.990000 0.256610
0.990000 0.256620
-0.990000 0.256620
0.990000 0.256630
-0.990000 0.256630
0.990000 0.256640
-0.990000 0.256640
0.990000 0.256650
-0.990000 0.256650
0.990000 0.256660
-0.990000 0.256660
0.990000 0.256670
-0.990000 0.256670
0.990000 0.256680
-0.990000 0.256680
0.990000 0.256690
-0.990000 0.256690
0.990000 0.256700
-0.990000 0.256700
0.990000 0.256710
-0.990000 0.256710
0.990000 0.256720
-0.990000 0.256720
0.990000 0.256730
-0.990000 0.256730
0.990000 0.256740
-0.990000 0.256740
0.990000 0.256750
-0.990000 0.256750
0.990000 0.256760
-0.990000 0.256760
0.990000 0.256770
-0.990000 0.256770
0.990000 0.256780
-0.990000 0.256780
0.990000 0.256790
-0.990000 0.256790
0.990000 0.256800
-0.990000 0.256800
0.990000 0.256810
-0.990000 0.256810
0.990000 0.256820
-0.990000 0.256820
0.990000 0.256830
-0.990000 0.256830
0.990000 0.256840
-0.990000 0.256840
0.990000 0.256850
-0.990000 0.256850
0.990000 0.256860
-0.990000 0.256860
0.990000 0.256870
-0.990000 0.256870
0.990000 0.256880
-0.990000 0.256880
0.990000 0.256890
-0.990000 0.256890
0.990000 0.256900
-0.990000 0.256900
0.990000 0.256910
-0.990000 0.256910
0.990000 0.256920
-0.990000 0.256920
0.990000 0.256930
-0.990000 0.256930
0.990000 0.256940
-0.990000 0.256940
0.990000 0.256950
-0.990000 0.256950
0.990000 0.256960
-0.990000 0.256960
0.990000 0.256970
-0.990000 0.256970
0.990000 0.256980
-0.990000 0.256980
0.990000 0.256990
-0.990000 0.256990
0.990000 0.257000
-0.990000 0.257000
0.990000 0.257010
-0.990000 0.257010
0.990000 0.257020
-0.990000 0.257020
0.990000 0.257030
-0.990000 0.257030
0.990000 0.257040
-0.990000 0.257040
0.990000 0.257050
-0.990000 0.257050
0.990000 0.257060
-0.990000 0.257060
0.990000 0.257070
-0.990000 0.257070
0.990000 0.257080
-0.990000 0.257080
0.990000 0.257090
-0.990000 0.257090
0.990000 0.257100
-0.990000 0.257100
0.990000 0.257110
-0.990000 0.257110
0.990000 0.257120
-0.990000 0.257120
0.990000 0.257130
-0.990000 0.257130
0.990000 0.257140
-0.990000 0.257140
0.990000 0.257150
-0.990000 0.257150
0.990000 0.257160
-0.990000 0.257160
0.990000 0.257170
-0.990000 0.257170
0.990000 0.257180
-0.990000 0.257180
0.990000 0.257190
-0.990000 0.257190
0.990000 0.257200
-0.990000 0.257200
0.990000 0.257210
-0.990000 0.257210
0.990000 0.257220
-0.990000 0.257220
0.990000 0.257230
-0.990000 0.257230
0.990000 0.257240
-0.990000 0.257240
0.990000 0.257250
-0.990000 0.257250
0.990000 0.257260
-0.990000 0.257260
0.990000 0.257270
-0.990000 0.257270
0.990000 0.257280
-0.990000 0.257280
0.990000 0.257290
-0.990000 0.257290
0.990000 0.257300
-0.990000 0.257300
0.990000 0.257310
-0.990000 0.257310
0.990000 0.257320
-0.990000 0.257320
0.990000 0.257330
-0.990000 0.257330
0.990000 0.257340
-0.990000 0.257340
0.990000 0.257350
-0.990000 0.257350
0.990000 0.257360
-0.990000 0.257360
0.990000 0.257370
-0.990000 0.257370
0.990000 0.257380
-0.990000 0.257380
0.990000 0.257390
-0.990000 0.257390
0.990000 0.257400
-0.990000 0.257400
0.990000 0.257410
-0.990000 0.257410
0.990000 0.257420
-0.990000 0.257420
0.990000 0.257430
-0.990000 0.257430
0.990000 0.257440
-0.990000 0.257440
0.990000 0.257450
-0.990000 0.257450
0.990000 0.257460
-0.990000 0.257460
0.990000 0.257470
-0.990000 0.257470
0.990000 0.257480
-0.990000 0.257480
0.990000 0.257490
-0.990000 0.257490
0.990000 0.257500
-0.990000 0.257500
0.990000 0.257510
-0.990000 0.257510
0.990000 0.257520
-0.990000 0.257520
0.990000 0.257530
-0.990000 0.257530
0.990000 0.257540
-0.990000 0.257540
0.990000 0.257550
-0.990000 0.257550
0.990000 0.257560
-0.990000 0.257560
0.990000 0.257570
-0.990000 0.257570
0.990000 0.257580
-0.990000 0.257580
0.990000 0.257590
-0.990000 0.257590
0.990000 0.257600
-0.990000 0.257600
0.990000 0.257610
-0.990000 0.257610
0.990000 0.257620
-0.990000 0.257620
0.990000 0.257630
-0.990000 0.257630
0.990000 0.257640
-0.990000 0.257640
0.990000 0.257650
-0.990000 0.257650
0.990000 0.257660
-0.990000 0.257660
0.990000 0.257670
-0.990000 0.257670
0.990000 0.257680
-0.990000 0.257680
0.990000 0.257690
-0.990000 0.257690
0.990000 0.257700
-0.990000 0.257700
0.990000 0.257710
-0.990000 0.257710
0.990000 0.257720
-0.990000 0.257720
0.990000 0.257730
-0.990000 0.257730
0.990000 0.257740
-0.990000 0.257740
0.990000 0.257750
-0.990000 0.257750
0.990000 0.257760
-0.990000 0.257760
0.990000 0.257770
-0.990000 0.257770
0.990000 0.257780
-0.990000 0.257780
0.990000 0.257790
-0.990000 0.257790
0.990000 0.257800
-0.990000 0.257800
0.990000 0.257810
-0.990000 0.257810
0.990000 0.257820
-0.990000 0.257820
0.990000 0.257830
-0.990000 0.257830
0.990000 0.257840
-0.990000 0.257840
0.990000 0.257850
-0.990000 0.257850
0.990000 0.257860
-0.990000 0.257860
0.990000 0.257870
-0.990000 0.257870
0.990000 0.257880
-0.990000 0.257880
0.990000 0.257890
-0.990000 0.257890
0.990000 0.257900
-0.990000 0.257900
0.990000 0.257910
-0.990000 0.257910
0.990000 0.257920
-0.990000 0.257920
0.990000 0.257930
-0.990000 0.257930
0.990000 0.257940
-0.990000 0.257940
0.990000 0.257950
-0.990000 0.257950
0.990000 0.257960
-0.990000 0.257960
0.990000 0.257970
-0.990000 0.257970
0.990000 0.257980
-0.990000 0.257980
0.990000 0.257990
-0.990000 0.257990
0.990000 0.258000
-0.990000 0.258000
0.990000 0.258010
-0.990000 0.258010
0.990000 0.258020
-0.990000 0.258020
0.990000 0.258030
-0.990000 0.258030
0.990000 0.258040
-0.990000 0.258040
0.990000 0.258050
-0.990000 0.258050
0.990000 0.258060
-0.990000 0.258060
0.990000 0.258070
-0.990000 0.258070
0.990000 0.258080
-0.990000 0.258080
0.990000 0.258090
-0.990000 0.258090
0.990000 0.258100
-0.990000 0.258100
0.990000 0.258110
-0.990000 0.258110
0.990000 0.258120
-0.990000 0.258120
0.990000 0.258130
-0.990000 0.258130
0.990000 0.258140
-0.990000 0.258140
0.990000 0.258150
-0.990000 0.258150
0.990000 0.258160
-0.990000 0.258160
0.990000 0.258170
-0.990000 0.258170
0.990000 0.258180
-0.990000 0.258180
0.990000 0.258190
-0.990000 0.258190
0.990000 0.258200
-0.990000 0.258200
0.990000 0.258210
-0.990000 0.258210
0.990000 0.258220
-0.990000 0.258220
0.990000 0.258230
-0.990000 0.258230
0.990000 0.258240
-0.990000 0.258240
0.990000 0.258250
-0.990000 0.258250
0.990000 0.258260
-0.990000 0.258260
0.990000 0.258270
-0.990000 0.258270
0.990000 0.258280
-0.990000 0.258280
0.990000 0.258290
-0.990000 0.258290
0.990000 0.258300
-0.990000 0.258300
0.990000 0.258310
-0.990000 0.258310
0.990000 0.258320
-0.990000 0.258320
0.990000 0.258330
-0.990000 0.258330
0.990000 0.258340
-0.990000 0.258340
0.990000 0.258350
-0.990000 0.258350
0.990000 0.258360
-0.990000 0.258360
0.990000 0.258370
-0.990000 0.258370
0.990000 0.258380
-0.990000 0.258380
0.990000 0.258390
-0.990000 0.258390
0.990000 0.258400
-0.990000 0.258400
0.990000 0.258410
-0.990000 0.258410
0.990000 0.258420
-0.990000 0.258420
0.990000 0.258430
-0.990000 0.258430
0.990000 0.258440
-0.990000 0.258440
0.990000 0.258450
-0.990000 0.258450
0.990000 0.258460
-0.990000 0.258460
0.990000 0.258470
-0.990000 0.258470
0.990000 0.258480
-0.990000 0.258480
0.990000 0.258490
-0.990000 0.258490
0.990000 0.258500
-0.990000 0.258500
0.990000 0.258510
-0.990000 0.258510
0.990000 0.258520
-0.990000 0.258520
0.990000 0.258530
-0.990000 0.258530
0.990000 0.258540
-0.990000 0.258540
0.990000 0.258550
-0.990000 0.258550
0.990000 0.258560
-0.990000 0.258560
0.990000 0.258570
-0.990000 0.258570
0.990000 0.258580
-0.990000 0.258580
0.990000 0.258590
-0.990000 0.258590
0.990000 0.258600
-0.990000 0.258600
0.990000 0.258610
-0.990000 0.258610
0.990000 0.258620
-0.990000 0.258620
0.990000 0.258630
-0.990000 0.258630
0.990000 0.258640
-0.990000 0.258640
0.990000 0.258650
-0.990000 0.258650
0.990000 0.258660
-0.990000 0.258660
0.990000 0.258670
-0.990000 0.258670
0.990000 0.258680
-0.990000 0.258680
0.990000 0.258690
-0.990000 0.258690
0.990000 0.258700
-0.990000 0.258700
0.990000 0.258710
-0.990000 0.258710
0.990000 0.258720
-0.990000 0.258720
0.990000 0.258730
-0.990000 0.258730
0.990000 0.258740
-0.990000 0.258740
0.990000 0.258750
-0.990000 0.258750
0.990000 0.258760
-0.990000 0.258760
0.990000 0.258770
-0.990000 0.258770
0.990000 0.258780
-0.990000 0.258780
0.990000 0.258790
-0.990000 0.258790
0.990000 0.258800
-0.990000 0.258800
0.990000 0.258810
-0.990000 0.258810
0.990000 0.258820
-0.990000 0.258820
0.990000 0.258830
-0.990000 0.258830
0.990000 0.258840
-0.990000 0.258840
0.990000 0.258850
-0.990000 0.258850
0.990000 0.258860
-0.990000 0.258860
0.990000 0.258870
-0.990000 0.258870
0.990000 0.258880
-0.990000 0.258880
0.990000 0.258890
-0.990000 0.258890
0.990000 0.258900
-0.990000 0.258900
0.990000 0.258910
-0.990000 0.258910
0.990000 0.258920
-0.990000 0.258920
0.990000 0.258930
-0.990000 0.258930
0.990000 0.258940
-0.990000 0.258940
0.990000 0.258950
-0.990000 0.258950
0.990000 0.258960
-0.990000 0.258960
0.990000 0.258970
-0.990000 0.258970
0.990000 0.258980
-0.990000 0.258980
0.990000 0.258990
-0.990000 0.258990
0.990000 0.259000
-0.990000 0.259000
0.990000 0.259010
-0.990000 0.259010
0.990000 0.259020
-0.990000 0.259020
0.990000 0.259030
-0.990000 0.259030
0.990000 0.259040
-0.990000 0.259040
0.990000 0.259050
-0.990000 0.259050
0.990000 0.259060
-0.990000 0.259060
0.990000 0.259070
-0.990000 0.259070
0.990000 0.259080
-0.990000 0.259080
0.990000 0.259090
-0.990000 0.259090
0.990000 0.259100
-0.990000 0.259100
0.990000 0.259110
-0.990000 0.259110
0.990000 0.259120
-0.990000 0.259120
0.990000 0.259130
-0.990000 0.259130
0.990000 0.259140
-0.990000 0.259140
0.990000 0.259150
-0.990000 0.259150
0.990000 0.259160
-0.990000 0.259160
0.990000 0.259170
-0.990000 0.259170
0.990000 0.259180
-0.990000 0.259180
0.990000 0.259190
-0.990000 0.259190
0.990000 0.259200
-0.990000 0.259200
0.990000 0.259210
-0.990000 0.259210
0.990000 0.259220
-0.990000 0.259220
0.990000 0.259230
-0.990000 0.259230
0.990000 0.259240
-0.990000 0.259240
0.990000 0.259250
-0.990000 0.259250
0.990000 0.259260
-0.990000 0.259260
0.990000 0.259270
-0.990000 0.259270
0.990000 0.259280
-0.990000 0.259280
0.990000 0.259290
-0.990000 0.259290
0.990000 0.259300
-0.990000 0.259300
0.990000 0.259310
-0.990000 0.259310
0.990000 0.259320
-0.990000 0.259320
0.990000 0.259330
-0.990000 0.259330
0.990000 0.259340
-0.990000 0.259340
0.990000 0.259350
-0.990000 0.259350
0.990000 0.259360
-0.990000 0.259360
0.990000 0.259370
-0.990000 0.259370
0.990000 0.259380
-0.990000 0.259380
0.990000 0.259390
-0.990000 0.259390
0.990000 0.259400
-0.990000 0.259400
0.990000 0.259410
-0.990000 0.259410
0.990000 0.259420
-0.990000 0.259420
0.990000 0.259430
-0.990000 0.259430
0.990000 0.259440
-0.990000 0.259440
0.990000 0.259450
-0.990000 0.259450
0.990000 0.259460
-0.990000 0.259460
0.990000 0.259470
-0.990000 0.259470
0.990000 0.259480
-0.990000 0.259480
0.990000 0.259490
-0.990000 0.259490
0.990000 0.259500
-0.990000 0.259500
0.990000 0.259510
-0.990000 0.259510
0.990000 0.259520
-0.990000 0.259520
0.990000 0.259530
-0.990000 0.259530
0.990000 0.259540
-0.990000 0.259540
0.990000 0.259550
-0.990000 0.259550
0.990000 0.259560
-0.990000 0.259560
0.990000 0.259570
-0.990000 0.259570
0.990000 0.259580
-0.990000 0.259580
0.990000 0.259590
-0.990000 0.259590
0.990000 0.259600
-0.990000 0.259600
0.990000 0.259610
-0.990000 0.259610
0.990000 0.259620
-0.990000 0.259620
0.990000 0.259630
-0.990000 0.259630
0.990000 0.259640
-0.990000 0.259640
0.990000 0.259650
-0.990000 0.259650
0.990000 0.259660
-0.990000 0.259660
0.990000 0.259670
-0.990000 0.259670
0.990000 0.259680
-0.990000 0.259680
0.990000 0.259690
-0.990000 0.259690
0.990000 0.259700
-0.990000 0.259700
0.990000 0.259710
-0.990000 0.259710
0.990000 0.259720
-0.990000 0.259720
0.990000 0.259730
-0.990000 0.259730
0.990000 0.259740
-0.990000 0.259740
0.990000 0.259750
-0.990000 0.259750
0.990000 0.259760
-0.990000 0.259760
0.990000 0.259770
-0.990000 0.259770
0.990000 0.259780
-0.990000 0.259780
0.990000 0.259790
-0.990000 0.259790
0.990000 0.259800
-0.990000 0.259800
0.990000 0.259810
-0.990000 0.259810
0.990000 0.259820
-0.990000 0.259820
0.990000 0.259830
-0.990000 0.259830
0.990000 0.259840
-0.990000 0.259840
0.990000 0.259850
-0.990000 0.259850
0.990000 0.259860
-0.990000 0.259860
0.990000 0.259870
-0.990000 0.259870
0.990000 0.259880
-0.990000 0.259880
0.990000 0.259890
-0.990000 0.259890
0.990000 0.259900
-0.990000 0.259900
0.990000 0.259910
-0.990000 0.259910
0.990000 0.259920
-0.990000 0.259920
0.990000 0.259930
-0.990000 0.259930
0.990000 0.259940
-0.990000 0.259940
0.990000 0.259950
-0.990000 0.259950
0.990000 0.259960
-0.990000 0.259960
0.990000 0.259970
-0.990000 0.259970
0.990000 0.259980
-0.990000 0.259980
0.990000 0.259990
-0.990000 0.259990
0.990000 0.260000
-0.990000 0.260000
0.990000 0.260010
-0.990000 0.260010
0.990000 0.260020
-0.990000 0.260020
0.990000 0.260030
-0.990000 0.260030
0.990000 0.260040
-0.990000 0.260040
0.990000 0.260050
-0.990000 0.260050
0.990000 0.260060
-0.990000 0.260060
0.990000 0.260070
-0.990000 0.260070
0.990000 0.260080
-0.990000 0.260080
0.990000 0.260090
-0.990000 0.260090
0.990000 0.260100
-0.990000 0.260100
0.990000 0.260110
-0.990000 0.260110
0.990000 0.260120
-0.990000 0.260120
0.990000 0.260130
-0.990000 0.260130
0.990000 0.260140
-0.990000 0.260140
0.990000 0.260150
-0.990000 0.260150
0.990000 0.260160
-0.990000 0.260160
0.990000 0.260170
-0.990000 0.260170
0.990000 0.260180
-0.990000 0.260180
0.990000 0.260190
-0.990000 0.260190
0.990000 0.260200
-0.990000 0.260200
0.990000 0.260210
-0.990000 0.260210
0.990000 0.260220
-0.990000 0.260220
0.990000 0.260230
-0.990000 0.260230
0.990000 0.295455
-0.990000 0.295455
0.990000 0.295465
-0.990000 0.295465
0.990000 0.295475
-0.990000 0.295475
0.990000 0.295485
-0.990000 0.295485
0.990000 0.295495
-0.990000 0.295495
0.990000 0.295505
-0.990000 0.295505
0.990000 0.295515
-0.990000 0.295515
0.990000 0.295525
-0.990000 0.295525
0.990000 0.295535
-0.990000 0.295535
0.990000 0.295545
-0.990000 0.295545
0.990000 0.295555
-0.990000 0.295555
0.990000 0.295565
-0.990000 0.295565
0.990000 0.295575
-0.990000 0.295575
0.990000 0.295585
-0.990000 0.295585
0.990000 0.295595
-0.990000 0.295595
0.990000 0.295605
-0.990000 0.295605
0.990000 0.295615
-0.990000 0.295615
0.990000 0.295625
-0.990000 0.295625
0.990000 0.295635
-0.990000 0.295635
0.990000 0.295645
-0.990000 0.295645
0.990000 0.295655
-0.990000 0.295655
0.990000 0.295665
-0.990000 0.295665
0.990000 0.295675
-0.990000 0.295675
0.990000 0.295685
-0.990000 0.295685
0.990000 0.295695
-0.990000 0.295695
0.990000 0.295705
-0.990000 0.295705
0.990000 0.295715
-0.990000 0.295715
0.990000 0.295725
-0.990000 0.295725
0.990000 0.295735
-0.990000 0.295735
0.990000 0.295745
-0.990000 0.295745
0.990000 0.295755
-0.990000 0.295755
0.990000 0.295765
-0.990000 0.295765
0.990000 0.295775
-0.990000 0.295775
0.990000 0.295785
-0.990000 0.295785
0.990000 0.295795
-0.990000 0.295795
0.990000 0.295805
-0.990000 0.295805
0.990000 0.295815
-0.990000 0.295815
0.990000 0.295825
-0.990000 0.295825
0.990000 0.295835
-0.990000 0.295835
0.990000 0.295845
-0.990000 0.295845
0.990000 0.295855
-0.990000 0.295855
0.990000 0.295865
-0.990000 0.295865
0.990000 0.295875
-0.990000 0.295875
0.990000 0.295885
-0.990000 0.295885
0.990000 0.295895
-0.990000 0.295895
0.990000 0.295905
-0.990000 0.295905
0.990000 0.295915
-0.990000 0.295915
0.990000 0.295925
-0.990000 0.295925
0.990000 0.295935
-0.990000 0.295935
0.990000 0.295945
-0.990000 0.295945
0.990000 0.295955
-0.990000 0.295955
0.990000 0.295965
-0.990000 0.295965
0.990000 0.295975
-0.990000 0.295975
0.990000 0.295985
-0.990000 0.295985
0.990000 0.295995
-0.990000 0.295995
0.990000 0.296005
-0.990000 0.296005
0.990000 0.296015
-0.990000 0.296015
0.990000 0.296025
-0.990000 0.296025
0.990000 0.296035
-0.990000 0.296035
0.990000 0.296045
-0.990000 0.296045
0.990000 0.296055
-0.990000 0.296055
0.990000 0.296065
-0.990000 0.296065
0.990000 0.296075
-0.990000 0.296075
0.990000 0.296085
-0.990000 0.296085
0.990000 0.296095
-0.990000 0.296095
0.990000 0.296105
-0.990000 0.296105
0.990000 0.296115
-0.990000 0.296115
0.990000 0.296125
-0.990000 0.296125
0.990000 0.296135
-0.990000 0.296135
0.990000 0.296145
-0.990000 0.296145
0.990000 0.296155
-0.990000 0.296155
0.990000 0.296165
-0.990000 0.296165
0.990000 0.296175
-0.990000 0.296175
0.990000 0.296185
-0.990000 0.296185
0.990000 0.296195
-0.990000 0.296195
0.990000 0.296205
-0.990000 0.296205
0.990000 0.296215
-0.990000 0.296215
0.990000 0.296225
-0.990000 0.296225
0.990000 0.296235
-0.990000 0.296235
0.990000 0.296245
-0.990000 0.296245
0.990000 0.296255
-0.990000 0.296255
0.990000 0.296265
-0.990000 0.296265
0.990000 0.296275
-0.990000 0.296275
0.990000 0.296285
-0.990000 0.296285
0.990000 0.296295
-0.990000 0.296295
0.990000 0.296305
-0.990000 0.296305
0.990000 0.296315
-0.990000 0.296315
0.990000 0.296325
-0.990000 0.296325
0.990000 0.296335
-0.990000 0.296335
0.990000 0.296345
-0.990000 0.296345
0.990000 0.296355
-0.990000 0.296355
0.990000 0.296365
-0.990000 0.296365
0.990000 0.296375
-0.990000 0.296375
0.990000 0.296385
-0.990000 0.296385
0.990000 0.296395
-0.990000 0.296395
0.990000 0.296405
-0.990000 0.296405
0.990000 0.296415
-0.990000 0.296415
0.990000 0.296425
-0.990000 0.296425
0.990000 0.296435
-0.990000 0.296435
0.990000 0.296445
-0.990000 0.296445
0.990000 0.296455
-0.990000 0.296455
0.990000 0.296465
-0.990000 0.296465
0.990000 0.296475
-0.990000 0.296475
0.990000 0.296485
-0.990000 0.296485
0.990000 0.296495
-0.990000 0.296495
0.990000 0.296505
-0.990000 0.296505
0.990000 0.296515
-0.990000 0.296515
0.990000 0.296525
-0.990000 0.296525
0.990000 0.296535
-0.990000 0.296535
0.990000 0.296545
-0.990000 0.296545
0.990000 0.296555
-0.990000 0.296555
0.990000 0.296565
-0.990000 0.296565
0.990000 0.296575
-0.990000 0.296575
0.990000 0.296585
-0.990000 0.296585
0.990000 0.296595
-0.990000 0.296595
0.990000 0.296605
-0.990000 0.296605
0.990000 0.296615
-0.990000 0.296615
0.990000 0.296625
-0.990000 0.296625
0.990000 0.296635
-0.990000 0.296635
0.990000 0.296645
-0.990000 0.296645
0.990000 0.296655
-0.990000 0.296655
0.990000 0.296665
-0.990000 0.296665
0.990000 0.296675
-0.990000 0.296675
0.990000 0.296685
-0.990000 0.296685
0.990000 0.296695
-0.990000 0.296695
0.990000 0.296705
-0.990000 0.296705
0.990000 0.296715
-0.990000 0.296715
0.990000 0.296725
-0.990000 0.296725
0.990000 0.296735
-0.990000 0.296735
0.990000 0.296745
-0.990000 0.296745
0.990000 0.296755
-0.990000 0.296755
0.990000 0.296765
-0.990000 0.296765
0.990000 0.296775
-0.990000 0.296775
0.990000 0.296785
-0.990000 0.296785
0.990000 0.296795
-0.990000 0.296795
0.990000 0.296805
-0.990000 0.296805
0.990000 0.296815
-0.990000 0.296815
0.990000 0.296825
-0.990000 0.296825
0.990000 0.296835
-0.990000 0.296835
0.990000 0.296845
-0.990000 0.296845
0.990000 0.296855
-0.990000 0.296855
0.990000 0.296865
-0.990000 0.296865
0.990000 0.296875
-0.990000 0.296875
0.990000 0.296885
-0.990000 0.296885
0.990000 0.296895
-0.990000 0.296895
0.990000 0.296905
-0.990000 0.296905
0.990000 0.296915
-0.990000 0.296915
0.990000 0.296925
-0.990000 0.296925
0.990000 0.296935
-0.990000 0.296935
0.990000 0.296945
-0.990000 0.296945
0.990000 0.296955
-0.990000 0.296955
0.990000 0.296965
-0.990000 0.296965
0.990000 0.296975
-0.990000 0.296975
0.990000 0.296985
-0.990000 0.296985
0.990000 0.296995
-0.990000 0.296995
0.990000 0.297005
-0.990000 0.297005
0.990000 0.297015
-0.990000 0.297015
0.990000 0.297025
-0.990000 0.297025
0.990000 0.297035
-0.990000 0.297035
0.990000 0.297045
-0.990000 0.297045
0.990000 0.297055
-0.990000 0.297055
0.990000 0.297065
-0.990000 0.297065
0.990000 0.297075
-0.990000 0.297075
0.990000 0.297085
-0.990000 0.297085
0.990000 0.297095
-0.990000 0.297095
0.990000 0.297105
-0.990000 0.297105
0.990000 0.297115
-0.990000 0.297115
0.990000 0.297125
-0.990000 0.297125
0.990000 0.297135
-0.990000 0.297135
0.990000 0.297145
-0.990000 0.297145
0.990000 0.297155
-0.990000 0.297155
0.990000 0.297165
-0.990000 0.297165
0.990000 0.297175
-0.990000 0.297175
0.990000 0.297185
-0.990000 0.297185
0.990000 0.297195
-0.990000 0.297195
0.990000 0.297205
-0.990000 0.297205
0.990000 0.297215
-0.990000 0.297215
0.990000 0.297225
-0.990000 0.297225
0.990000 0.297235
-0.990000 0.297235
0.990000 0.297245
-0.990000 0.297245
0.990000 0.297255
-0.990000 0.297255
0.990000 0.297265
-0.990000 0.297265
0.990000 0.297275
-0.990000 0.297275
0.990000 0.297285
-0.990000 0.297285
0.990000 0.297295
-0.990000 0.297295
0.990000 0.297305
-0.990000 0.297305
0.990000 0.297315
-0.990000 0.297315
0.990000 0.297325
-0.990000 0.297325
0.990000 0.297335
-0.990000 0.297335
0.990000 0.297345
-0.990000 0.297345
0.990000 0.297355
-0.990000 0.297355
0.990000 0.297365
-0.990000 0.297365
0.990000 0.297375
-0.990000 0.297375
0.990000 0.297385
-0.990000 0.297385
0.990000 0.297395
-0.990000 0.297395
0.990000 0.297405
-0.990000 0.297405
0.990000 0.297415
-0.990000 0.297415
0.990000 0.297425
-0.990000 0.297425
0.990000 0.297435
-0.990000 0.297435
0.990000 0.297445
-0.990000 0.297445
0.990000 0.297455
-0.990000 0.297455
0.990000 0.297465
-0.990000 0.297465
0.990000 0.297475
-0.990000 0.297475
0.990000 0.297485
-0.990000 0.297485
0.990000 0.297495
-0.990000 0.297495
0.990000 0.297505
-0.990000 0.297505
0.990000 0.297515
-0.990000 0.297515
0.990000 0.297525
-0.990000 0.297525
0.990000 0.297535
-0.990000 0.297535
0.990000 0.297545
-0.990000 0.297545
0.990000 0.297555
-0.990000 0.297555
0.990000 0.297565
-0.990000 0.297565
0.990000 0.297575
-0.990000 0.297575
0.990000 0.297585
-0.990000 0.297585
0.990000 0.297595
-0.990000 0.297595
0.990000 0.297605
-0.990000 0.297605
0.990000 0.297615
-0.990000 0.297615
0.990000 0.297625
-0.990000 0.297625
0.990000 0.297635
-0.990000 0.297635
0.990000 0.297645
-0.990000 0.297645
0.990000 0.297655
-0.990000 0.297655
0.990000 0.297665
-0.990000 0.297665
0.990000 0.297675
-0.990000 0.297675
0.990000 0.297685
-0.990000 0.297685
0.990000 0.297695
-0.990000 0.297695
0.990000 0.297705
-0.990000 0.297705
0.990000 0.297715
-0.990000 0.297715
0.990000 0.297725
-0.990000 0.297725
0.990000 0.297735
-0.990000 0.297735
0.990000 0.297745
-0.990000 0.297745
0.990000 0.297755
-0.990000 0.297755
0.990000 0.297765
-0.990000 0.297765
0.990000 0.297775
-0.990000 0.297775
0.990000 0.297785
-0.990000 0.297785
0.990000 0.297795
-0.990000 0.297795
0.990000 0.297805
-0.990000 0.297805
0.990000 0.297815
-0.990000 0.297815
0.990000 0.297825
-0.990000 0.297825
0.990000 0.297835
-0.990000 0.297835
0.990000 0.297845
-0.990000 0.297845
0.990000 0.297855
-0.990000 0.297855
0.990000 0.297865
-0.990000 0.297865
0.990000 0.297875
-0.990000 0.297875
0.990000 0.297885
-0.990000 0.297885
0.990000 0.297895
-0.990000 0.297895
0.990000 0.297905
-0.990000 0.297905
0.990000 0.297915
-0.990000 0.297915
0.990000 0.297925
-0.990000 0.297925
0.990000 0.297935
-0.990000 0.297935
0.990000 0.297945
-0.990000 0.297945
0.990000 0.297955
-0.990000 0.297955
0.990000 0.297965
-0.990000 0.297965
0.990000 0.297975
-0.990000 0.297975
0.990000 0.297985
-0.990000 0.297985
0.990000 0.297995
-0.990000 0.297995
0.990000 0.298005
-0.990000 0.298005
0.990000 0.298015
-0.990000 0.298015
0.990000 0.298025
-0.990000 0.298025
0.990000 0.298035
-0.990000 0.298035
0.990000 0.298045
-0.990000 0.298045
0.990000 0.298055
-0.990000 0.298055
0.990000 0.298065
-0.990000 0.298065
0.990000 0.298075
-0.990000 0.298075
0.990000 0.298085
-0.990000 0.298085
0.990000 0.298095
-0.990000 0.298095
0.990000 0.298105
-0.990000 0.298105
0.990000 0.298115
-0.990000 0.298115
0.990000 0.298125
-0.990000 0.298125
0.990000 0.298135
-0.990000 0.298135
0.990000 0.298145
-0.990000 0.298145
0.990000 0.298155
-0.990000 0.298155
0.990000 0.298165
-0.990000 0.298165
0.990000 0.298175
-0.990000 0.298175
0.990000 0.298185
-0.990000 0.298185
0.990000 0.298195
-0.990000 0.298195
0.990000 0.298205
-0.990000 0.298205
0.990000 0.298215
-0.990000 0.298215
0.990000 0.298225
-0.990000 0.298225
0.990000 0.298235
-0.990000 0.298235
0.990000 0.298245
-0.990000 0.298245
0.990000 0.298255
-0.990000 0.298255
0.990000 0.298265
-0.990000 0.298265
0.990000 0.298275
-0.990000 0.298275
0.990000 0.298285
-0.990000 0.298285
0.990000 0.298295
-0.990000 0.298295
0.990000 0.298305
-0.990000 0.298305
0.990000 0.298315
-0.990000 0.298315
0.990000 0.298325
-0.990000 0.298325
0.990000 0.298335
-0.990000 0.298335
0.990000 0.298345
-0.990000 0.298345
0.990000 0.298355
-0.990000 0.298355
0.990000 0.298365
-0.990000 0.298365
0.990000 0.298375
-0.990000 0.298375
0.990000 0.298385
-0.990000 0.298385
0.990000 0.298395
-0.990000 0.298395
0.990000 0.298405
-0.990000 0.298405
0.990000 0.298415
-0.990000 0.298415
0.990000 0.298425
-0.990000 0.298425
0.990000 0.298435
-0.990000 0.298435
0.990000 0.298445
-0.990000 0.298445
0.990000 0.298455
-0.990000 0.298455
0.990000 0.298465
-0.990000 0.298465
0.990000 0.298475
-0.990000 0.298475
0.990000 0.298485
-0.990000 0.298485
0.990000 0.298495
-0.990000 0.298495
0.990000 0.298505
-0.990000 0.298505
0.990000 0.298515
-0.990000 0.298515
0.990000 0.298525
-0.990000 0.298525
0.990000 0.298535
-0.990000 0.298535
0.990000 0.298545
-0.990000 0.298545
0.990000 0.298555
-0.990000 0.298555
0.990000 0.298565
-0.990000 0.298565
0.990000 0.298575
-0.990000 0.298575
0.990000 0.298585
-0.990000 0.298585
0.990000 0.298595
-0.990000 0.298595
0.990000 0.298605
-0.990000 0.298605
0.990000 0.298615
-0.990000 0.298615
0.990000 0.298625
-0.990000 0.298625
0.990000 0.298635
-0.990000 0.298635
0.990000 0.298645
-0.990000 0.298645
0.990000 0.298655
-0.990000 0.298655
0.990000 0.298665
-0.990000 0.298665
0.990000 0.298675
-0.990000 0.298675
0.990000 0.298685
-0.990000 0.298685
0.990000 0.298695
-0.990000 0.298695
0.990000 0.298705
-0.990000 0.298705
0.990000 0.298715
-0.990000 0.298715
0.990000 0.298725
-0.990000 0.298725
0.990000 0.298735
-0.990000 0.298735
0.990000 0.298745
-0.990000 0.298745
0.990000 0.298755
-0.990000 0.298755
0.990000 0.298765
-0.990000 0.298765
0.990000 0.298775
-0.990000 0.298775
0.990000 0.298785
-0.990000 0.298785
0.990000 0.298795
-0.990000 0.298795
0.990000 0.298805
-0.990000 0.298805
0.990000 0.298815
-0.990000 0.298815
0.990000 0.298825
-0.990000 0.298825
0.990000 0.298835
-0.990000 0.298835
0.990000 0.298845
-0.990000 0.298845
0.990000 0.298855
-0.990000 0.298855
0.990000 0.298865
-0.990000 0.298865
0.990000 0.298875
-0.990000 0.298875
0.990000 0.298885
-0.990000 0.298885
0.990000 0.298895
-0.990000 0.298895
0.990000 0.298905
-0.990000 0.298905
0.990000 0.298915
-0.990000 0.298915
0.990000 0.298925
-0.990000 0.298925
0.990000 0.298935
-0.990000 0.298935
0.990000 0.298945
-0.990000 0.298945
0.990000 0.298955
-0.990000 0.298955
0.990000 0.298965
-0.990000 0.298965
0.990000 0.298975
-0.990000 0.298975
0.990000 0.298985
-0.990000 0.298985
0.990000 0.298995
-0.990000 0.298995
0.990000 0.299005
-0.990000 0.299005
0.990000 0.299015
-0.990000 0.299015
0.990000 0.299025
-0.990000 0.299025
0.990000 0.299035
-0.990000 0.299035
0.990000 0.299045
-0.990000 0.299045
0.990000 0.299055
-0.990000 0.299055
0.990000 0.299065
-0.990000 0.299065
0.990000 0.299075
-0.990000 0.299075
0.990000 0.299085
-0.990000 0.299085
0.990000 0.299095
-0.990000 0.299095
0.990000 0.299105
-0.990000 0.299105
0.990000 0.299115
-0.990000 0.299115
0.990000 0.299125
-0.990000 0.299125
0.990000 0.299135
-0.990000 0.299135
0.990000 0.299145
-0.990000 0.299145
0.990000 0.299155
-0.990000 0.299155
0.990000 0.299165
-0.990000 0.299165
0.990000 0.299175
-0.990000 0.299175
0.990000 0.299185
-0.990000 0.299185
0.990000 0.299195
-0.990000 0.299195
0.990000 0.299205
-0.990000 0.299205
0.990000 0.299215
-0.990000 0.299215
0.990000 0.299225
-0.990000 0.299225
0.990000 0.299235
-0.990000 0.299235
0.990000 0.299245
-0.990000 0.299245
0.990000 0.299255
-0.990000 0.299255
0.990000 0.299265
-0.990000 0.299265
0.990000 0.299275
-0.990000 0.299275
0.990000 0.299285
-0.990000 0.299285
0.990000 0.299295
-0.990000 0.299295
0.990000 0.299305
-0.990000 0.299305
0.990000 0.299315
-0.990000 0.299315
0.990000 0.299325
-0.990000 0.299325
0.990000 0.299335
-0.990000 0.299335
0.990000 0.299345
-0.990000 0.299345
0.990000 0.299355
-0.990000 0.299355
0.990000 0.299365
-0.990000 0.299365
0.990000 0.299375
-0.990000 0.299375
0.990000 0.299385
-0.990000 0.299385
0.990000 0.299395
-0.990000 0.299395
0.990000 0.299405
-0.990000 0.299405
0.990000 0.299415
-0.990000 0.299415
0.990000 0.299425
-0.990000 0.299425
0.990000 0.299435
-0.990000 0.299435
0.990000 0.299445
-0.990000 0.299445
0.990000 0.299455
-0.990000 0.299455
0.990000 0.299465
-0.990000 0.299465
0.990000 0.299475
-0.990000 0.299475
0.990000 0.299485
-0.990000 0.299485
0.990000 0.299495
-0.990000 0.299495
0.990000 0.299505
-0.990000 0.299505
0.990000 0.299515
-0.990000 0.299515
0.990000 0.299525
-0.990000 0.299525
0.990000 0.299535
-0.990000 0.299535
0.990000 0.299545
-0.990000 0.299545
0.990000 0.299555
-0.990000 0.299555
0.990000 0.299565
-0.990000 0.299565
0.990000 0.299575
-0.990000 0.299575
0.990000 0.299585
-0.990000 0.299585
0.990000 0.299595
-0.990000 0.299595
0.990000 0.299605
-0.990000 0.299605
0.990000 0.299615
-0.990000 0.299615
0.990000 0.299625
-0.990000 0.299625
0.990000 0.299635
-0.990000 0.299635
0.990000 0.299645
-0.990000 0.299645
0.990000 0.299655
-0.990000 0.299655
0.990000 0.299665
-0.990000 0.299665
0.990000 0.299675
-0.990000 0.299675
0.990000 0.299685
-0.990000 0.299685
0.990000 0.299695
-0.990000 0.299695
0.990000 0.299705
-0.990000 0.299705
0.990000 0.299715
-0.990000 0.299715
0.990000 0.299725
-0.990000 0.299725
0.990000 0.299735
-0.990000 0.299735
0.990000 0.299745
-0.990000 0.299745
0.990000 0.299755
-0.990000 0.299755
0.990000 0.299765
-0.990000 0.299765
0.990000 0.299775
-0.990000 0.299775
0.990000 0.299785
-0.990000 0.299785
0.990000 0.299795
-0.990000 0.299795
0.990000 0.299805
-0.990000 0.299805
0.990000 0.299815
-0.990000 0.299815
0.990000 0.299825
-0.990000 0.299825
0.990000 0.299835
-0.990000 0.299835
0.990000 0.299845
-0.990000 0.299845
0.990000 0.299855
-0.990000 0.299855
0.990000 0.299865
-0.990000 0.299865
0.990000 0.299875
-0.990000 0.299875
0.990000 0.299885
-0.990000 0.299885
0.990000 0.299895
-0.990000 0.299895
0.990000 0.299905
-0.990000 0.299905
0.990000 0.299915
-0.990000 0.299915
0.990000 0.299925
-0.990000 0.299925
0.990000 0.299935
-0.990000 0.299935
0.990000 0.299945
-0.990000 0.299945
0.990000 0.299955
-0.990000 0.299955
0.990000 0.299965
-0.990000 0.299965
0.990000 0.299975
-0.990000 0.299975
0.990000 0.299985
-0.990000 0.299985
0.990000 0.299995
-0.990000 0.299995
0.990000 0.300005
-0.990000 0.300005
0.990000 0.300015
-0.990000 0.300015
0.990000 0.300025
-0.990000 0.300025
0.990000 0.300035
-0.990000 0.300035
0.990000 0.300045
-0.990000 0.300045
0.990000 0.300055
-0.990000 0.300055
0.990000 0.300065
-0.990000 0.300065
0.990000 0.300075
-0.990000 0.300075
0.990000 0.300085
-0.990000 0.300085
0.990000 0.300095
-0.990000 0.300095
0.990000 0.300105
-0.990000 0.300105
0.990000 0.300115
-0.990000 0.300115
0.990000 0.300125
-0.990000 0.300125
0.990000 0.300135
-0.990000 0.300135
0.990000 0.300145
-0.990000 0.300145
0.990000 0.300155
-0.990000 0.300155
0.990000 0.300165
-0.990000 0.300165
0.990000 0.300175
-0.990000 0.300175
0.990000 0.300185
-0.990000 0.300185
0.990000 0.300195
-0.990000 0.300195
0.990000 0.300205
-0.990000 0.300205
0.990000 0.300215
-0.990000 0.300215
0.990000 0.300225
-0.990000 0.300225
0.990000 0.300235
-0.990000 0.300235
0.990000 0.300245
-0.990000 0.300245
0.990000 0.300255
-0.990000 0.300255
0.990000 0.300265
-0.990000 0.300265
0.990000 0.300275
-0.990000 0.300275
0.990000 0.300285
-0.990000 0.300285
0.990000 0.300295
-0.990000 0.300295
0.990000 0.300305
-0.990000 0.300305
0.990000 0.300315
-0.990000 0.300315
0.990000 0.300325
-0.990000 0.300325
0.990000 0.300335
-0.990000 0.300335
0.990000 0.300345
-0.990000 0.300345
0.990000 0.300355
-0.990000 0.300355
0.990000 0.300365
-0.990000 0.300365
0.990000 0.300375
-0.990000 0.300375
0.990000 0.300385
-0.990000 0.300385
0.990000 0.300395
-0.990000 0.300395
0.990000 0.300405
-0.990000 0.300405
0.990000 0.300415
-0.990000 0.300415
0.990000 0.300425
-0.990000 0.300425
0.990000 0.300435
-0.990000 0.300435
0.990000 0.300445
-0.990000 0.300445
0.990000 0.300455
-0.990000 0.300455
0.990000 0.300465
-0.990000 0.300465
0.990000 0.300475
-0.990000 0.300475
0.990000 0.300485
-0.990000 0.300485
0.990000 0.300495
-0.990000 0.300495
0.990000 0.300505
-0.990000 0.300505
0.990000 0.300515
-0.990000 0.300515
0.990000 0.300525
-0.990000 0.300525
0.990000 0.300535
-0.990000 0.300535
0.990000 0.300545
-0.990000 0.300545
0.990000 0.300555
-0.990000 0.300555
0.990000 0.300565
-0.990000 0.300565
0.990000 0.340909
-0.990000 0.340909
0.990000 0.340919
-0.990000 0.340919
0.990000 0.340929
-0.990000 0.340929
0.990000 0.340939
-0.990000 0.340939
0.990000 0.340949
-0.990000 0.340949
0.990000 0.340959
-0.990000 0.340959
0.990000 0.340969
-0.990000 0.340969
0.990000 0.340979
-0.990000 0.340979
0.990000 0.340989
-0.990000 0.340989
0.990000 0.340999
-0.990000 0.340999
0.990000 0.341009
-0.990000 0.341009
0.990000 0.341019
-0.990000 0.341019
0.990000 0.341029
-0.990000 0.341029
0.990000 0.341039
-0.990000 0.341039
0.990000 0.341049
-0.990000 0.341049
0.990000 0.341059
-0.990000 0.341059
0.990000 0.341069
-0.990000 0.341069
0.990000 0.341079
-0.990000 0.341079
0.990000 0.341089
-0.990000 0.341089
0.990000 0.341099
-0.990000 0.341099
0.990000 0.341109
-0.990000 0.341109
0.990000 0.341119
-0.990000 0.341119
0.990000 0.341129
-0.990000 0.341129
0.990000 0.341139
-0.990000 0.341139
0.990000 0.341149
-0.990000 0.341149
0.990000 0.341159
-0.990000 0.341159
0.990000 0.341169
-0.990000 0.341169
0.990000 0.341179
-0.990000 0.341179
0.990000 0.341189
-0.990000 0.341189
0.990000 0.341199
-0.990000 0.341199
0.990000 0.341209
-0.990000 0.341209
0.990000 0.341219
-0.990000 0.341219
0.990000 0.341229
-0.990000 0.341229
0.990000 0.341239
-0.990000 0.341239
0.990000 0.341249
-0.990000 0.341249
0.990000 0.341259
-0.990000 0.341259
0.990000 0.341269
-0.990000 0.341269
0.990000 0.341279
-0.990000 0.341279
0.990000 0.341289
-0.990000 0.341289
0.990000 0.341299
-0.990000 0.341299
0.990000 0.341309
-0.990000 0.341309
0.990000 0.341319
-0.990000 0.341319
0.990000 0.341329
-0.990000 0.341329
0.990000 0.341339
-0.990000 0.341339
0.990000 0.341349
-0.990000 0.341349
0.990000 0.341359
-0.990000 0.341359
0.990000 0.341369
-0.990000 0.341369
0.990000 0.341379
-0.990000 0.341379
0.990000 0.341389
-0.990000 0.341389
0.990000 0.341399
-0.990000 0.341399
0.990000 0.341409
-0.990000 0.341409
0.990000 0.341419
-0.990000 0.341419
0.990000 0.341429
-0.990000 0.341429
0.990000 0.341439
-0.990000 0.341439
0.990000 0.341449
-0.990000 0.341449
0.990000 0.341459
-0.990000 0.341459
0.990000 0.341469
-0.990000 0.341469
0.990000 0.341479
-0.990000 0.341479
0.990000 0.341489
-0.990000 0.341489
0.990000 0.341499
-0.990000 0.341499
0.990000 0.341509
-0.990000 0.341509
0.990000 0.341519
-0.990000 0.341519
0.990000 0.341529
-0.990000 0.341529
0.990000 0.341539
-0.990000 0.341539
0.990000 0.341549
-0.990000 0.341549
0.990000 0.341559
-0.990000 0.341559
0.990000 0.341569
-0.990000 0.341569
0.990000 0.341579
-0.990000 0.341579
0.990000 0.341589
-0.990000 0.341589
0.990000 0.341599
-0.990000 0.341599
0.990000 0.341609
-0.990000 0.341609
0.990000 0.341619
-0.990000 0.341619
0.990000 0.341629
-0.990000 0.341629
0.990000 0.341639
-0.990000 0.341639
0.990000 0.341649
-0.990000 0.341649
0.990000 0.341659
-0.990000 0.341659
0.990000 0.341669
-0.990000 0.341669
0.990000 0.341679
-0.990000 0.341679
0.990000 0.341689
-0.990000 0.341689
0.990000 0.341699
-0.990000 0.341699
0.990000 0.341709
-0.990000 0.341709
0.990000 0.341719
-0.990000 0.341719
0.990000 0.341729
-0.990000 0.341729
0.990000 0.341739
-0.990000 0.341739
0.990000 0.341749
-0.990000 0.341749
0.990000 0.341759
-0.990000 0.341759
0.990000 0.341769
-0.990000 0.341769
0.990000 0.341779
-0.990000 0.341779
0.990000 0.341789
-0.990000 0.341789
0.990000 0.341799
-0.990000 0.341799
0.990000 0.341809
-0.990000 0.341809
0.990000 0.341819
-0.990000 0.341819
0.990000 0.341829
-0.990000 0.341829
0.990000 0.341839
-0.990000 0.341839
0.990000 0.341849
-0.990000 0.341849
0.990000 0.341859
-0.990000 0.341859
0.990000 0.341869
-0.990000 0.341869
0.990000 0.341879
-0.990000 0.341879
0.990000 0.341889
-0.990000 0.341889
0.990000 0.341899
-0.990000 0.341899
0.990000 0.341909
-0.990000 0.341909
0.990000 0.341919
-0.990000 0.341919
0.990000 0.341929
-0.990000 0.341929
0.990000 0.341939
-0.990000 0.341939
0.990000 0.341949
-0.990000 0.341949
0.990000 0.341959
-0.990000 0.341959
0.990000 0.341969
-0.990000 0.341969
0.990000 0.341979
-0.990000 0.341979
0.990000 0.341989
-0.990000 0.341989
0.990000 0.341999
-0.990000 0.341999
0.990000 0.342009
-0.990000 0.342009
0.990000 0.342019
-0.990000 0.342019
0.990000 0.342029
-0.990000 0.342029
0.990000 0.342039
-0.990000 0.342039
0.990000 0.342049
-0.990000 0.342049
0.990000 0.342059
-0.990000 0.342059
0.990000 0.342069
-0.990000 0.342069
0.990000 0.342079
-0.990000 0.342079
0.990000 0.342089
-0.990000 0.342089
0.990000 0.342099
-0.990000 0.342099
0.990000 0.342109
-0.990000 0.342109
0.990000 0.342119
-0.990000 0.342119
0.990000 0.342129
-0.990000 0.342129
0.990000 0.342139
-0.990000 0.342139
0.990000 0.342149
-0.990000 0.342149
0.990000 0.342159
-0.990000 0.342159
0.990000 0.342169
-0.990000 0.342169
0.990000 0.342179
-0.990000 0.342179
0.990000 0.342189
-0.990000 0.342189
0.990000 0.342199
-0.990000 0.342199
0.990000 0.342209
-0.990000 0.342209
0.990000 0.342219
-0.990000 0.342219
0.990000 0.342229
-0.990000 0.342229
0.990000 0.342239
-0.990000 0.342239
0.990000 0.342249
-0.990000 0.342249
0.990000 0.342259
-0.990000 0.342259
0.990000 0.342269
-0.990000 0.342269
0.990000 0.342279
-0.990000 0.342279
0.990000 0.342289
-0.990000 0.342289
0.990000 0.342299
-0.990000 0.342299
0.990000 0.342309
-0.990000 0.342309
0.990000 0.342319
-0.990000 0.342319
0.990000 0.342329
-0.990000 0.342329
0.990000 0.342339
-0.990000 0.342339
0.990000 0.342349
-0.990000 0.342349
0.990000 0.342359
-0.990000 0.342359
0.990000 0.342369
-0.990000 0.342369
0.990000 0.342379
-0.990000 0.342379
0.990000 0.342389
-0.990000 0.342389
0.990000 0.342399
-0.990000 0.342399
0.990000 0.342409
-0.990000 0.342409
0.990000 0.342419
-0.990000 0.342419
0.990000 0.342429
-0.990000 0.342429
0.990000 0.342439
-0.990000 0.342439
0.990000 0.342449
-0.990000 0.342449
0.990000 0.342459
-0.990000 0.342459
0.990000 0.342469
-0.990000 0.342469
0.990000 0.342479
-0.990000 0.342479
0.990000 0.342489
-0.990000 0.342489
0.990000 0.342499
-0.990000 0.342499
0.990000 0.342509
-0.990000 0.342509
0.990000 0.342519
-0.990000 0.342519
0.990000 0.342529
-0.990000 0.342529
0.990000 0.342539
-0.990000 0.342539
0.990000 0.342549
-0.990000 0.342549
0.990000 0.342559
-0.990000 0.342559
0.990000 0.342569
-0.990000 0.342569
0.990000 0.342579
-0.990000 0.342579
0.990000 0.342589
-0.990000 0.342589
0.990000 0.342599
-0.990000 0.342599
0.990000 0.342609
-0.990000 0.342609
0.990000 0.342619
-0.990000 0.342619
0.990000 0.342629
-0.990000 0.342629
0.990000 0.342639
-0.990000 0.342639
0.990000 0.342649
-0.990000 0.342649
0.990000 0.342659
-0.990000 0.342659
0.990000 0.342669
-0.990000 0.342669
0.990000 0.342679
-0.990000 0.342679
0.990000 0.342689
-0.990000 0.342689
0.990000 0.342699
-0.990000 0.342699
0.990000 0.342709
-0.990000 0.342709
0.990000 0.342719
-0.990000 0.342719
0.990000 0.342729
-0.990000 0.342729
0.990000 0.342739
-0.990000 0.342739
0.990000 0.342749
-0.990000 0.342749
0.990000 0.342759
-0.990000 0.342759
0.990000 0.342769
-0.990000 0.342769
0.990000 0.342779
-0.990000 0.342779
0.990000 0.342789
-0.990000 0.342789
0.990000 0.342799
-0.990000 0.342799
0.990000 0.342809
-0.990000 0.342809
0.990000 0.342819
-0.990000 0.342819
0.990000 0.342829
-0.990000 0.342829
0.990000 0.342839
-0.990000 0.342839
0.990000 0.342849
-0.990000 0.342849
0.990000 0.342859
-0.990000 0.342859
0.990000 0.342869
-0.990000 0.342869
0.990000 0.342879
-0.990000 0.342879
0.990000 0.342889
-0.990000 0.342889
0.990000 0.342899
-0.990000 0.342899
0.990000 0.342909
-0.990000 0.342909
0.990000 0.342919
-0.990000 0.342919
0.990000 0.342929
-0.990000 0.342929
0.990000 0.342939
-0.990000 0.342939
0.990000 0.342949
-0.990000 0.342949
0.990000 0.342959
-0.990000 0.342959
0.990000 0.342969
-0.990000 0.342969
0.990000 0.342979
-0.990000 0.342979
0.990000 0.342989
-0.990000 0.342989
0.990000 0.342999
-0.990000 0.342999
0.990000 0.343009
-0.990000 0.343009
0.990000 0.343019
-0.990000 0.343019
0.990000 0.343029
-0.990000 0.343029
0.990000 0.343039
-0.990000 0.343039
0.990000 0.343049
-0.990000 0.343049
0.990000 0.343059
-0.990000 0.343059
0.990000 0.343069
-0.990000 0.343069
0.990000 0.343079
-0.990000 0.343079
0.990000 0.343089
-0.990000 0.343089
0.990000 0.343099
-0.990000 0.343099
0.990000 0.343109
-0.990000 0.343109
0.990000 0.343119
-0.990000 0.343119
0.990000 0.343129
-0.990000 0.343129
0.990000 0.343139
-0.990000 0.343139
0.990000 0.343149
-0.990000 0.343149
0.990000 0.343159
-0.990000 0.343159
0.990000 0.343169
-0.990000 0.343169
0.990000 0.343179
-0.990000 0.343179
0.990000 0.343189
-0.990000 0.343189
0.990000 0.343199
-0.990000 0.343199
0.990000 0.343209
-0.990000 0.343209
0.990000 0.343219
-0.990000 0.343219
0.990000 0.343229
-0.990000 0.343229
0.990000 0.343239
-0.990000 0.343239
0.990000 0.343249
-0.990000 0.343249
0.990000 0.343259
-0.990000 0.343259
0.990000 0.343269
-0.990000 0.343269
0.990000 0.343279
-0.990000 0.343279
0.990000 0.343289
-0.990000 0.343289
0.990000 0.343299
-0.990000 0.343299
0.990000 0.343309
-0.990000 0.343309
0.990000 0.343319
-0.990000 0.343319
0.990000 0.343329
-0.990000 0.343329
0.990000 0.343339
-0.990000 0.343339
0.990000 0.343349
-0.990000 0.343349
0.990000 0.343359
-0.990000 0.343359
0.990000 0.343369
-0.990000 0.343369
0.990000 0.343379
-0.990000 0.343379
0.990000 0.343389
-0.990000 0.343389
0.990000 0.343399
-0.990000 0.343399
0.990000 0.343409
-0.990000 0.343409
0.990000 0.343419
-0.990000 0.343419
0.990000 0.343429
-0.990000 0.343429
0.990000 0.343439
-0.990000 0.343439
0.990000 0.343449
-0.990000 0.343449
0.990000 0.343459
-0.990000 0.343459
0.990000 0.386364
-0.990000 0.386364
0.990000 0.386374
-0.990000 0.386374
0.990000 0.386384
-0.990000 0.386384
0.990000 0.386394
-0.990000 0.386394
0.990000 0.386404
-0.990000 0.386404
0.990000 0.386414
-0.990000 0.386414
0.990000 0.386424
-0.990000 0.386424
0.990000 0.386434
-0.990000 0.386434
0.990000 0.386444
-0.990000 0.386444
0.990000 0.386454
-0.990000 0.386454
0.990000 0.386464
-0.990000 0.386464
0.990000 0.386474
-0.990000 0.386474
0.990000 0.386484
-0.990000 0.386484
0.990000 0.386494
-0.990000 0.386494
0.990000 0.386504
-0.990000 0.386504
0.990000 0.386514
-0.990000 0.386514
0.990000 0.386524
-0.990000 0.386524
0.990000 0.386534
-0.990000 0.386534
0.990000 0.386544
-0.990000 0.386544
0.990000 0.386554
-0.990000 0.386554
0.990000 0.386564
-0.990000 0.386564
0.990000 0.386574
-0.990000 0.386574
0.990000 0.386584
-0.990000 0.386584
0.990000 0.386594
-0.990000 0.386594
0.990000 0.386604
-0.990000 0.386604
0.990000 0.386614
-0.990000 0.386614
0.990000 0.386624
-0.990000 0.386624
0.990000 0.386634
-0.990000 0.386634
0.990000 0.386644
-0.990000 0.386644
0.990000 0.386654
-0.990000 0.386654
0.990000 0.386664
-0.990000 0.386664
0.990000 0.386674
-0.990000 0.386674
0.990000 0.386684
-0.990000 0.386684
0.990000 0.386694
-0.990000 0.386694
0.990000 0.386704
-0.990000 0.386704
0.990000 0.386714
-0.990000 0.386714
0.990000 0.386724
-0.990000 0.386724
0.990000 0.386734
-0.990000 0.386734
0.990000 0.386744
-0.990000 0.386744
0.990000 0.386754
-0.990000 0.386754
0.990000 0.386764
-0.990000 0.386764
0.990000 0.386774
-0.990000 0.386774
0.990000 0.386784
-0.990000 0.386784
0.990000 0.386794
-0.990000 0.386794
0.990000 0.386804
-0.990000 0.386804
0.990000 0.386814
-0.990000 0.386814
0.990000 0.386824
-0.990000 0.386824
0.990000 0.386834
-0.990000 0.386834
0.990000 0.386844
-0.990000 0.386844
0.990000 0.386854
-0.990000 0.386854
0.990000 0.386864
-0.990000 0.386864
0.990000 0.386874
-0.990000 0.386874
0.990000 0.386884
-0.990000 0.386884
0.990000 0.386894
-0.990000 0.386894
0.990000 0.386904
-0.990000 0.386904
0.990000 0.386914
-0.990000 0.386914
0.990000 0.386924
-0.990000 0.386924
0.990000 0.386934
-0.990000 0.386934
0.990000 0.386944
-0.990000 0.386944
0.990000 0.386954
-0.990000 0.386954
0.990000 0.386964
-0.990000 0.386964
0.990000 0.386974
-0.990000 0.386974
0.990000 0.386984
-0.990000 0.386984
0.990000 0.386994
-0.990000 0.386994
0.990000 0.387004
-0.990000 0.387004
0.990000 0.387014
-0.990000 0.387014
0.990000 0.387024
-0.990000 0.387024
0.990000 0.387034
-0.990000 0.387034
0.990000 0.387044
-0.990000 0.387044
0.990000 0.387054
-0.990000 0.387054
0.990000 0.387064
-0.990000 0.387064
0.990000 0.387074
-0.990000 0.387074
0.990000 0.387084
-0.990000 0.387084
0.990000 0.387094
-0.990000 0.387094
0.990000 0.387104
-0.990000 0.387104
0.990000 0.387114
-0.990000 0.387114
0.990000 0.387124
-0.990000 0.387124
0.990000 0.387134
-0.990000 0.387134
0.990000 0.387144
-0.990000 0.387144
0.990000 0.387154
-0.990000 0.387154
0.990000 0.387164
-0.990000 0.387164
0.990000 0.387174
-0.990000 0.387174
0.990000 0.387184
-0.990000 0.387184
0.990000 0.387194
-0.990000 0.387194
0.990000 0.387204
-0.990000 0.387204
0.990000 0.387214
-0.990000 0.387214
0.990000 0.387224
-0.990000 0.387224
0.990000 0.387234
-0.990000 0.387234
0.990000 0.387244
-0.990000 0.387244
0.990000 0.387254
-0.990000 0.387254
0.990000 0.387264
-0.990000 0.387264
0.990000 0.387274
-0.990000 0.387274
0.990000 0.387284
-0.990000 0.387284
0.990000 0.387294
-0.990000 0.387294
0.990000 0.387304
-0.990000 0.387304
0.990000 0.387314
-0.990000 0.387314
0.990000 0.387324
-0.990000 0.387324
0.990000 0.387334
-0.990000 0.387334
0.990000 0.387344
-0.990000 0.387344
0.990000 0.387354
-0.990000 0.387354
0.990000 0.387364
-0.990000 0.387364
0.990000 0.387374
-0.990000 0.387374
0.990000 0.387384
-0.990000 0.387384
0.990000 0.387394
-0.990000 0.387394
0.990000 0.387404
-0.990000 0.387404
0.990000 0.387414
-0.990000 0.387414
0.990000 0.387424
-0.990000 0.387424
0.990000 0.387434
-0.990000 0.387434
0.990000 0.387444
-0.990000 0.387444
0.990000 0.387454
-0.990000 0.387454
0.990000 0.387464
-0.990000 0.387464
0.990000 0.387474
-0.990000 0.387474
0.990000 0.387484
-0.990000 0.387484
0.990000 0.387494
-0.990000 0.387494
0.990000 0.387504
-0.990000 0.387504
0.990000 0.387514
-0.990000 0.387514
0.990000 0.387524
-0.990000 0.387524
0.990000 0.387534
-0.990000 0.387534
0.990000 0.387544
-0.990000 0.387544
0.990000 0.387554
-0.990000 0.387554
0.990000 0.387564
-0.990000 0.387564
0.990000 0.387574
-0.990000 0.387574
0.990000 0.387584
-0.990000 0.387584
0.990000 0.387594
-0.990000 0.387594
0.990000 0.387604
-0.990000 0.387604
0.990000 0.387614
-0.990000 0.387614
0.990000 0.387624
-0.990000 0.387624
0.990000 0.387634
-0.990000 0.387634
0.990000 0.431818
-0.990000 0.431818
0.990000 0.431828
-0.990000 0.431828
0.990000 0.431838
-0.990000 0.431838
0.990000 0.431848
-0.990000 0.431848
0.990000 0.431858
-0.990000 0.431858
0.990000 0.431868
-0.990000 0.431868
0.990000 0.431878
-0.990000 0.431878
0.990000 0.431888
-0.990000 0.431888
0.990000 0.431898
-0.990000 0.431898
0.990000 0.431908
-0.990000 0.431908
0.990000 0.431918
-0.990000 0.431918
0.990000 0.431928
-0.990000 0.431928
0.990000 0.431938
-0.990000 0.431938
0.990000 0.431948
-0.990000 0.431948
0.990000 0.431958
-0.990000 0.431958
0.990000 0.431968
-0.990000 0.431968
0.990000 0.431978
-0.990000 0.431978
0.990000 0.431988
-0.990000 0.431988
0.990000 0.431998
-0.990000 0.431998
0.990000 0.432008
-0.990000 0.432008
0.990000 0.432018
-0.990000 0.432018
0.990000 0.432028
-0.990000 0.432028
0.990000 0.432038
-0.990000 0.432038
0.990000 0.432048
-0.990000 0.432048
0.990000 0.432058
-0.990000 0.432058
0.990000 0.432068
-0.990000 0.432068
0.990000 0.432078
-0.990000 0.432078
0.990000 0.432088
-0.990000 0.432088
0.990000 0.432098
-0.990000 0.432098
0.990000 0.432108
-0.990000 0.432108
0.990000 0.432118
-0.990000 0.432118
0.990000 0.432128
-0.990000 0.432128
0.990000 0.432138
-0.990000 0.432138
0.990000 0.432148
-0.990000 0.432148
0.990000 0.432158
-0.990000 0.432158
0.990000 0.432168
-0.990000 0.432168
0.990000 0.432178
-0.990000 0.432178
0.990000 0.432188
-0.990000 0.432188
0.990000 0.432198
-0.990000 0.432198
0.990000 0.432208
-0.990000 0.432208
0.990000 0.432218
-0.990000 0.432218
0.990000 0.432228
-0.990000 0.432228
0.990000 0.432238
-0.990000 0.432238
0.990000 0.432248
-0.990000 0.432248
0.990000 0.432258
-0.990000 0.432258
0.990000 0.432268
-0.990000 0.432268
0.990000 0.432278
-0.990000 0.432278
0.990000 0.432288
-0.990000 0.432288
0.990000 0.432298
-0.990000 0.432298
0.990000 0.432308
-0.990000 0.432308
0.990000 0.432318
-0.990000 0.432318
0.990000 0.432328
-0.990000 0.432328
0.990000 0.432338
-0.990000 0.432338
0.990000 0.432348
-0.990000 0.432348
0.990000 0.432358
-0.990000 0.432358
0.990000 0.432368
-0.990000 0.432368
0.990000 0.432378
-0.990000 0.432378
0.990000 0.432388
-0.990000 0.432388
0.990000 0.432398
-0.990000 0.432398
0.990000 0.432408
-0.990000 0.432408
0.990000 0.432418
-0.990000 0.432418
0.990000 0.432428
-0.990000 0.432428
0.990000 0.432438
-0.990000 0.432438
0.990000 0.432448
-0.990000 0.432448
0.990000 0.477273
-0.990000 0.477273
0.990000 0.477283
-0.990000 0.477283
0.990000 0.477293
-0.990000 0.477293
0.990000 0.477303
-0.990000 0.477303
0.990000 0.477313
-0.990000 0.477313
0.990000 0.477323
-0.990000 0.477323
0.990000 0.477333
-0.990000 0.477333
0.990000 0.477343
-0.990000 0.477343
0.990000 0.477353
-0.990000 0.477353
0.990000 0.477363
-0.990000 0.477363
0.990000 0.477373
-0.990000 0.477373
0.990000 0.477383
-0.990000 0.477383
0.990000 0.477393
-0.990000 0.477393
0.990000 0.477403
-0.990000 0.477403
0.990000 0.477413
-0.990000 0.477413
0.990000 0.477423
-0.990000 0.477423
0.990000 0.477433
-0.990000 0.477433
0.990000 0.477443
-0.990000 0.477443
0.990000 0.477453
-0.990000 0.477453
0.990000 0.477463
-0.990000 0.477463
0.990000 0.477473
-0.990000 0.477473
0.990000 0.477483
-0.990000 0.477483
0.990000 0.477493
-0.990000 0.477493
0.990000 0.477503
-0.990000 0.477503
0.990000 0.477513
-0.990000 0.477513
0.990000 0.477523
-0.990000 0.477523
0.990000 0.477533
-0.990000 0.477533
0.990000 0.477543
-0.990000 0.477543
0.990000 0.477553
-0.990000 0.477553
0.990000 0.477563
-0.990000 0.477563
0.990000 0.477573
-0.990000 0.477573
0.990000 0.477583
-0.990000 0.477583
0.990000 0.522727
-0.990000 0.522727
0.990000 0.522737
-0.990000 0.522737
0.990000 0.522747
-0.990000 0.522747
0.990000 0.522757
-0.990000 0.522757
0.990000 0.522767
-0.990000 0.522767
0.990000 0.522777
-0.990000 0.522777
0.990000 0.522787
-0.990000 0.522787
0.990000 0.522797
-0.990000 0.522797
0.990000 0.522807
-0.990000 0.522807
0.990000 0.522817
-0.990000 0.522817
0.990000 0.522827
-0.990000 0.522827
0.990000 0.522837
-0.990000 0.522837
0.990000 0.522847
-0.990000 0.522847
0.990000 0.522857
-0.990000 0.522857
0.990000 0.522867
-0.990000 0.522867
0.990000 0.522877
-0.990000 0.522877
0.990000 0.568182
-0.990000 0.568182
0.990000 0.568192
-0.990000 0.568192
0.990000 0.568202
-0.990000 0.568202
0.990000 0.568212
-0.990000 0.568212
0.990000 0.568222
-0.990000 0.568222
0.990000 0.568232
-0.990000 0.568232
0.990000 0.568242
-0.990000 0.568242
0.990000 0.568252
-0.990000 0.568252
0.990000 0.613636
-0.990000 0.613636
0.990000 0.613646
-0.990000 0.613646
0.990000 0.613656
-0.990000 0.613656
0.990000 0.613666
-0.990000 0.613666
0.990000 0.659091
-0.990000 0.659091
0.990000 0.659101
-0.990000 0.659101
0.990000 0.704545
-0.990000 0.704545
