197
-0.277466 0.545166
-0.279877 0.542480
-0.279083 0.541931
-0.266663 0.539429
-0.271027 0.541473
-0.270569 0.539551
-0.250031 0.537018
-0.271942 0.555847
-0.272736 0.550323
-0.259430 0.549408
-0.283844 0.502258
-0.289032 0.519104
-0.300415 0.549500
-0.303925 0.537567
-0.254242 0.509491
-0.255157 0.529083
-0.332764 0.515350
-0.326477 0.516174
-0.361084 0.545197
-0.353790 0.553436
-0.374542 0.606934
-0.368378 0.577484
-0.307526 0.573914
-0.287323 0.582214
-0.284729 0.602295
-0.309418 0.610199
-0.458160 0.533173
-0.488708 0.546387
-0.477905 0.553223
-0.389801 0.526154
-0.427277 0.560760
-0.415314 0.536194
-0.465881 0.657013
-0.493866 0.733307
-0.485962 0.697662
-0.278900 0.677246
-0.271301 0.652954
-0.257874 0.646088
-0.315125 0.630646
-0.347168 0.664886
-0.374573 0.677887
-0.206421 0.725464
-0.225037 0.725372
-0.221069 0.745209
-0.176086 0.741943
-0.128845 0.718689
-0.126007 0.699493
-0.210297 0.606750
-0.017395 0.600861
-0.003998 0.546082
-0.014221 0.703278
-0.252319 0.890717
-0.494263 0.796112
-0.447693 0.819092
-0.198395 0.754608
-0.239838 0.759155
-0.245483 0.776794
-0.132843 0.836792
-0.133362 0.854462
-0.153900 0.850830
-0.007782 0.805908
-0.188538 0.886017
-0.090759 0.926147
-0.506134 0.027100
-0.624969 0.133698
-0.560669 0.217957
-0.571899 0.457947
-0.654938 0.340302
-0.794891 0.584320
-0.655609 0.561310
-0.578522 0.744171
-0.070679 0.143341
-0.102753 0.170532
-0.118073 0.176849
-0.030029 0.230530
-0.044739 0.228271
-0.057892 0.236786
-0.163452 0.066193
-0.237854 0.174133
-0.141785 0.166290
-0.119659 0.072235
-0.433167 0.229492
-0.437256 0.059204
-0.473480 0.431763
-0.303467 0.385132
-0.036774 0.423065
-0.150970 0.328461
-0.176025 -0.547424
-0.186890 -0.527893
-0.159973 -0.520630
-0.229034 -0.580078
-0.233276 -0.618286
-0.239410 -0.598724
-0.175995 -0.718201
-0.003174 -0.681244
-0.016937 -0.704803
-0.083649 -0.566650
-0.416077 -0.524780
-0.253632 -0.575867
-0.175201 -0.917053
-0.059845 -0.951477
-0.507172 -0.652863
-0.647125 -0.540619
-0.834015 -0.197418
-0.819977 -0.009155
-0.719208 -0.047272
-0.623108 -0.240692
-0.099518 -0.088623
0.689972 -0.110657
0.808136 -0.266022
0.633881 0.186981
0.635071 0.181976
0.635895 0.180176
0.634033 0.176697
0.637512 0.172668
0.638245 0.173981
0.626221 0.165131
0.647308 0.169861
0.649292 0.182068
0.646301 0.187286
0.640564 0.151367
0.637482 0.131927
0.662567 0.132385
0.673645 0.149445
0.666718 0.162872
0.678497 0.166382
0.720764 0.171356
0.731018 0.174866
0.702423 0.170441
0.689728 0.174713
0.650513 0.197418
0.726746 0.203430
0.742645 0.194458
0.707916 0.201630
0.703888 0.214325
0.525330 0.086151
0.569946 0.089600
0.567230 0.107300
0.573059 0.173706
0.620117 0.159302
0.597534 0.170197
0.510895 0.222229
0.506592 0.203278
0.516296 0.216003
0.630280 0.114685
0.672729 0.088196
0.666443 0.083252
0.703461 0.013397
0.709167 0.032227
0.704498 0.061005
0.825958 0.002106
0.795197 0.001099
0.868378 0.244965
0.765503 0.197662
0.533752 0.331818
0.530731 0.353546
0.501099 0.356415
0.610474 0.258392
0.572235 0.293121
0.590881 0.287079
0.629089 0.359314
0.528168 0.411652
0.561646 0.496674
0.693146 0.476196
0.879211 0.470215
0.767822 0.319489
0.830048 0.482147
0.151978 0.051086
0.165375 0.012085
0.159546 0.025177
0.233551 0.013245
0.197876 0.005829
0.206909 0.012543
0.115662 0.064545
0.112457 0.208893
0.232117 0.218750
0.177887 0.131897
0.312103 0.070465
0.403595 0.202667
0.018768 0.283997
0.167511 0.367798
0.393250 0.337524
0.421967 0.460449
0.369171 0.851379
0.358002 0.834473
0.351715 0.820801
0.252563 0.790497
0.299316 0.764984
0.286865 0.779327
0.470123 0.799805
0.398346 0.833710
0.049377 0.603088
0.132782 0.682861
0.157837 0.887054
0.045929 0.789795
0.362427 0.530792
0.428772 0.676208
67
1.092072 -1.141266
1.193604 -1.188690
0.261932 -1.869995
0.981750 -1.085724
0.568512 -0.880157
0.961426 -0.571564
1.028900 -0.095734
1.360565 -0.112030
1.349976 -0.241516
1.297852 -0.559631
1.365814 -0.793976
1.316132 -0.920563
0.951416 0.446991
0.963837 0.478424
0.943909 0.481689
0.926575 0.489319
0.880524 0.490875
0.952087 0.372467
0.970337 0.267548
0.343719 0.942322
0.489960 0.997101
0.885712 0.702057
0.783539 0.648682
0.873627 0.694519
0.829346 0.806091
0.962067 0.888397
1.643494 0.234772
1.682526 0.006836
1.733429 0.106323
1.745087 0.337494
1.554474 0.461670
1.392273 0.335083
1.412964 0.873901
1.576813 0.630341
0.011627 1.780121
0.032440 1.766571
0.051819 1.753357
0.108490 1.782501
0.123871 1.757874
0.100250 1.766418
0.169769 1.807648
0.131409 1.523865
0.088989 1.603088
0.341522 1.524048
0.409668 1.707367
0.292389 1.835999
0.311493 1.456055
0.458496 1.277679
0.169464 1.005524
0.123413 1.244263
0.793915 1.008728
0.542786 1.796051
1.161591 1.271606
1.129669 1.283691
1.144806 1.291016
1.238800 1.314301
1.215027 1.369659
1.190277 1.371460
1.124725 1.293518
1.070129 1.458771
1.138611 1.463226
1.212463 1.399109
1.002747 1.005585
1.046753 1.178650
1.276184 1.072784
1.497162 1.147308
1.057892 1.515869
