249
0.577820 -0.543549
0.572449 -0.541016
0.570312 -0.541168
0.564026 -0.534882
0.563904 -0.536621
0.563019 -0.538055
0.564514 -0.554626
0.586548 -0.553558
0.586975 -0.544434
0.587952 -0.535767
0.612335 -0.555023
0.621704 -0.536011
0.590668 -0.529480
0.581970 -0.510223
0.601013 -0.527344
0.614868 -0.504883
0.540833 -0.615082
0.548004 -0.602478
0.509186 -0.574738
0.527222 -0.593597
0.504242 -0.532288
0.500610 -0.515747
0.624634 -0.579224
0.623871 -0.563507
0.590179 -0.621613
0.573212 -0.613922
0.587982 -0.636383
0.590118 -0.658966
0.571381 -0.678345
0.522430 -0.636627
0.553192 -0.633484
0.534637 -0.649475
0.670074 -0.705811
0.709198 -0.551483
0.730530 -0.510406
0.698639 -0.615692
0.711548 -0.574310
0.240448 -0.567047
0.092163 -0.515503
0.002960 -0.549133
0.008850 -0.763367
0.196777 -0.948364
0.228882 -0.875397
0.164459 -0.104462
0.180695 -0.081451
0.165344 -0.070068
0.243896 -0.111481
0.214294 -0.087799
0.217590 -0.070557
0.072723 -0.247864
0.088806 -0.026306
0.206818 -0.132935
0.130280 -0.125977
0.109161 -0.306976
0.246490 -0.333435
0.433716 -0.333160
0.254272 -0.487427
0.430237 -0.142456
0.254425 -0.055634
0.522827 -0.106262
0.552673 -0.078979
0.546112 -0.072205
0.609375 -0.014435
0.567688 -0.001709
0.582703 -0.012604
0.548248 -0.229614
0.583191 -0.249756
0.673004 -0.151825
0.645599 -0.057373
0.649170 -0.340759
0.588013 -0.314545
0.830200 -0.419159
0.805786 -0.235809
0.793701 -0.062286
-0.093658 -0.731934
-0.086823 -0.729584
-0.088470 -0.726990
-0.082367 -0.728577
-0.080292 -0.726654
-0.080048 -0.729553
-0.086334 -0.742706
-0.069031 -0.742188
-0.072083 -0.733612
-0.063843 -0.728333
-0.110291 -0.729767
-0.109344 -0.720947
-0.108856 -0.701172
-0.112854 -0.710327
-0.079254 -0.710846
-0.065979 -0.704773
-0.011932 -0.749756
-0.021149 -0.722870
-0.057556 -0.718842
-0.053101 -0.739166
-0.076447 -0.633636
-0.098511 -0.647003
-0.059814 -0.676208
-0.045898 -0.665619
-0.025024 -0.638641
-0.025391 -0.646210
-0.237335 -0.669952
-0.133728 -0.747345
-0.160126 -0.718811
-0.218994 -0.582062
-0.220978 -0.597443
-0.240540 -0.601959
-0.178741 -0.595612
-0.169830 -0.565094
-0.184570 -0.562622
-0.108582 -0.582184
-0.099518 -0.596802
-0.110565 -0.618011
-0.002380 -0.529022
-0.051178 -0.509186
-0.039307 -0.501221
-0.328583 -0.876617
-0.488770 -0.712128
-0.467712 -0.693420
-0.438721 -0.713501
-0.390747 -0.630035
-0.435822 -0.626556
-0.413757 -0.642853
-0.318207 -0.694489
-0.439392 -0.505646
-0.489929 -0.606354
-0.268982 -0.513397
-0.122498 -0.877014
-0.065857 -0.937225
-0.087494 -0.932220
-0.013367 -0.975677
-0.036530 -0.967438
-0.061890 -0.949493
-0.182770 -0.915924
-0.154236 -0.751648
-0.245941 -0.852478
-0.000488 -0.870117
-0.656555 -0.554260
-0.822601 -0.304321
-0.832336 -0.274597
-0.820343 -0.280670
-0.816650 -0.333099
-0.816589 -0.343781
-0.834564 -0.374817
-0.885986 -0.318176
-0.860596 -0.410797
-0.639893 -0.460388
-0.566650 -0.253784
-0.925720 -0.097076
-0.752167 -0.234192
-0.609894 -0.213715
-0.619202 -0.072479
-0.286163 -0.365417
-0.497284 -0.440063
-0.390411 -0.421326
-0.404785 -0.019806
-0.288086 -0.242371
-0.896301 0.058411
-0.921021 0.062195
-0.930389 0.040710
-0.961121 0.062958
-0.956543 0.095032
-0.954681 0.123596
-0.774170 0.099365
-0.964661 0.220245
-0.885651 0.182251
-0.823486 0.173523
-0.501190 0.172882
-0.669373 0.089447
-0.899292 0.424225
-0.710022 0.284698
-0.513214 0.437439
-0.530731 0.445374
-0.231567 0.179871
-0.115051 0.223389
-0.000153 0.428772
-0.130646 0.497223
-0.771088 0.572296
-0.109833 0.803986
-0.262268 0.540009
0.389801 0.906952
0.384857 0.876434
0.351196 0.778564
0.261871 0.826843
0.262360 0.864471
0.345825 0.897522
0.371185 0.925201
0.353394 0.917114
0.441833 0.845856
0.485748 0.854889
0.493774 0.865967
0.396179 0.819733
0.397827 0.868744
0.388336 0.855103
0.187622 0.656799
0.188080 0.647583
0.189667 0.638428
0.148376 0.699982
0.159332 0.717224
0.183868 0.695892
0.016296 0.618378
0.117493 0.679779
0.061462 0.628845
0.186615 0.525818
0.066040 0.823944
0.019562 0.768188
0.174316 0.937408
0.436859 0.724396
0.378601 0.707397
0.405579 0.714325
0.465759 0.632233
0.476196 0.656219
0.474640 0.636383
0.328979 0.611786
0.281189 0.645233
0.415009 0.554291
0.375275 0.574615
0.071442 0.206085
0.098816 0.241486
0.119720 0.231781
0.113129 0.158020
0.091278 0.166016
0.071930 0.178528
0.071625 0.032288
0.245056 0.025024
0.140778 0.078461
0.247955 0.149933
0.361694 0.010529
0.442627 0.173309
0.092377 0.283386
0.212372 0.423462
0.469879 0.320404
0.415894 0.391235
0.823029 0.230927
0.844330 0.201019
0.847137 0.217865
0.795349 0.249146
0.773010 0.234558
0.766632 0.234283
0.754852 0.006531
0.944611 0.088593
0.892090 0.199493
0.930664 0.168457
0.563934 0.209534
0.578857 0.031586
0.523254 0.394501
0.571503 0.267548
0.831970 0.272491
0.770660 0.500275
0.634338 0.559235
1728
1.883301 -0.250519
1.822388 -0.432251
1.823181 -0.432587
1.822845 -0.432312
1.822815 -0.433441
1.822876 -0.433014
1.822906 -0.432800
1.822052 -0.432648
1.820496 -0.430054
1.821594 -0.430695
1.822571 -0.431366
1.824188 -0.435242
1.822357 -0.435974
1.825104 -0.437347
1.825256 -0.434143
1.825378 -0.434967
1.827789 -0.432281
1.824249 -0.429901
1.813965 -0.433228
1.814575 -0.429871
1.812958 -0.437500
1.815582 -0.436249
1.820160 -0.424103
1.815277 -0.425293
1.826202 -0.427216
1.825684 -0.427704
1.821289 -0.429138
1.821777 -0.427521
1.821716 -0.415924
1.822235 -0.420380
1.812714 -0.409882
1.814850 -0.412842
1.830017 -0.420776
1.829285 -0.416870
1.829163 -0.398041
1.817474 -0.404358
1.827515 -0.384064
1.813599 -0.378693
1.794739 -0.477051
1.794098 -0.484222
1.796356 -0.480682
1.787262 -0.477783
1.784058 -0.480927
1.781677 -0.483948
1.791199 -0.496490
1.781494 -0.493866
1.804260 -0.493683
1.803589 -0.471130
1.756073 -0.490082
1.755310 -0.482819
1.750214 -0.459229
1.755493 -0.442780
1.804291 -0.437836
1.786835 -0.439178
1.784760 -0.447113
1.805664 -0.389832
1.808563 -0.386322
1.806854 -0.383301
1.810516 -0.381287
1.805939 -0.375275
1.807068 -0.376678
1.793823 -0.393097
1.787354 -0.384186
1.811920 -0.399109
1.810394 -0.395935
1.777740 -0.414246
1.754852 -0.430634
1.765594 -0.422150
1.766144 -0.381256
1.762909 -0.397644
1.808044 -0.418732
1.786591 -0.412018
1.781006 -0.294312
1.775848 -0.295837
1.774445 -0.296570
1.772797 -0.293854
1.767334 -0.296539
1.766510 -0.293274
1.751984 -0.307404
1.755280 -0.289032
1.765320 -0.294647
1.769958 -0.303955
1.794006 -0.283173
1.793976 -0.303528
1.771759 -0.258301
1.765656 -0.268585
1.790497 -0.256165
1.810791 -0.269623
1.810425 -0.274811
1.775543 -0.361664
1.755219 -0.340271
1.775818 -0.316681
1.822968 -0.372681
1.829529 -0.275330
1.835999 -0.262451
1.830658 -0.301758
1.818054 -0.312225
1.624237 -0.287354
1.624756 -0.287415
1.624939 -0.287140
1.623138 -0.288025
1.623779 -0.287476
1.623840 -0.287323
1.622223 -0.288849
1.622498 -0.286865
1.624146 -0.285461
1.623444 -0.286285
1.620361 -0.285736
1.617249 -0.288574
1.617645 -0.281769
1.620056 -0.284515
1.621460 -0.285004
1.623413 -0.281342
1.610107 -0.290466
1.615784 -0.295227
1.611023 -0.283142
1.611511 -0.284912
1.613953 -0.285492
1.616974 -0.288300
1.619720 -0.291016
1.619598 -0.292755
1.621796 -0.295441
1.623535 -0.293335
1.596649 -0.312439
1.600952 -0.311676
1.599426 -0.312408
1.599396 -0.303162
1.600739 -0.298950
1.597687 -0.299042
1.598724 -0.282318
1.595917 -0.282104
1.599762 -0.295502
1.596222 -0.290131
1.624115 -0.307709
1.619080 -0.307526
1.619568 -0.304901
1.622528 -0.297028
1.619171 -0.302185
1.619110 -0.303314
1.593323 -0.306000
1.593140 -0.311615
1.592773 -0.310425
1.584045 -0.307983
1.585236 -0.312378
1.584747 -0.308838
1.569580 -0.307434
1.575256 -0.285767
1.579285 -0.291321
1.590973 -0.281738
1.592438 -0.250366
1.589508 -0.253510
1.587860 -0.250183
1.588837 -0.262207
1.593536 -0.265106
1.592072 -0.262115
1.562836 -0.273773
1.568848 -0.263306
1.591827 -0.275238
1.591949 -0.266388
1.604126 -0.274048
1.606812 -0.270782
1.603058 -0.273224
1.611664 -0.275421
1.620911 -0.269745
1.548615 -0.331879
1.547546 -0.335724
1.548676 -0.332916
1.558105 -0.332855
1.561798 -0.335602
1.558990 -0.333649
1.540131 -0.339661
1.544098 -0.319611
1.551636 -0.324890
1.558075 -0.321167
1.510620 -0.346802
1.525391 -0.367462
1.505219 -0.320496
1.518677 -0.330933
1.547516 -0.353729
1.533081 -0.344849
1.516327 -0.285675
1.523132 -0.284485
1.521667 -0.281860
1.526154 -0.293823
1.528839 -0.290863
1.527435 -0.292511
1.506287 -0.297943
1.510956 -0.281281
1.509125 -0.295135
1.521851 -0.302643
1.541718 -0.286255
1.559753 -0.291260
1.518707 -0.273865
1.507782 -0.264069
1.538177 -0.278229
1.554962 -0.258942
1.596375 -0.360474
1.603821 -0.364044
1.605255 -0.348297
1.595947 -0.359344
1.573639 -0.363007
1.575043 -0.319031
1.614655 -0.314423
1.525787 -0.405334
1.530457 -0.403351
1.528503 -0.403320
1.517487 -0.393555
1.521881 -0.391174
1.521729 -0.392822
1.514282 -0.392426
1.510132 -0.381012
1.505737 -0.378967
1.521240 -0.381195
1.507660 -0.407867
1.520844 -0.419281
1.562317 -0.412170
1.560791 -0.434509
1.554138 -0.395874
1.546692 -0.388336
1.555115 -0.489105
1.548035 -0.471375
1.500122 -0.443756
1.527466 -0.445587
1.598022 -0.475891
1.615875 -0.471344
1.585205 -0.485840
1.564697 -0.468964
1.562805 -0.391785
1.594055 -0.380280
1.701569 -0.389313
1.710938 -0.403900
1.712799 -0.391388
1.733978 -0.414093
1.741425 -0.408386
1.627716 -0.483124
1.678101 -0.384766
1.721100 -0.438232
1.706512 -0.492065
1.728180 -0.317200
1.733643 -0.318756
1.731232 -0.317841
1.732422 -0.327423
1.726624 -0.327271
1.727966 -0.325592
1.721710 -0.336304
1.736084 -0.336456
1.748322 -0.326660
1.736481 -0.318237
1.710327 -0.355469
1.701874 -0.356232
1.693420 -0.318054
1.691772 -0.330963
1.720428 -0.368561
1.743744 -0.351776
1.677246 -0.346222
1.664062 -0.361298
1.641479 -0.334534
1.629150 -0.319580
1.669373 -0.301392
1.629028 -0.256134
1.742767 -0.269501
1.735657 -0.254944
1.700653 -0.255157
1.705872 -0.250122
1.615234 -0.018280
1.615845 -0.018005
1.615814 -0.017731
1.616821 -0.018311
1.616638 -0.018158
1.616669 -0.018463
1.614899 -0.019043
1.614319 -0.016602
1.615265 -0.015869
1.615356 -0.017151
1.610687 -0.021454
1.610596 -0.022095
1.611420 -0.018372
1.611084 -0.015839
1.617004 -0.020660
1.614929 -0.019897
1.615021 -0.026001
1.613861 -0.025269
1.617035 -0.028534
1.616699 -0.030304
1.623047 -0.026398
1.618286 -0.025696
1.618042 -0.019440
1.620331 -0.018585
1.618561 -0.021179
1.620117 -0.022064
1.601685 -0.022919
1.605713 -0.020325
1.607117 -0.022705
1.609283 -0.031097
1.604340 -0.025055
1.602417 -0.026947
1.596039 -0.005554
1.597565 -0.003326
1.601624 -0.005341
1.601715 -0.003754
1.618683 -0.000092
1.620392 -0.006592
1.619873 -0.004150
1.612244 -0.006012
1.614960 -0.000275
1.616425 -0.000641
1.576935 -0.051788
1.570892 -0.049255
1.573792 -0.049774
1.568207 -0.049408
1.567352 -0.052368
1.569611 -0.054413
1.592346 -0.051971
1.577484 -0.044373
1.562744 -0.035461
1.584717 -0.038208
1.585907 -0.004700
1.579529 -0.001343
1.578247 -0.002075
1.586548 -0.001556
1.593048 -0.006104
1.591187 -0.006378
1.572418 -0.023010
1.567993 -0.000122
1.580444 -0.025085
1.578339 -0.015686
1.600311 -0.034088
1.600433 -0.039154
1.593964 -0.042145
1.605072 -0.057037
1.596069 -0.060303
1.509979 -0.077057
1.515198 -0.071533
1.514069 -0.072876
1.507294 -0.065704
1.507263 -0.067017
1.506104 -0.068726
1.503845 -0.087921
1.525146 -0.093170
1.521606 -0.085480
1.530121 -0.072937
1.528778 -0.119141
1.506195 -0.105743
1.562286 -0.112274
1.532135 -0.120117
1.556946 -0.084412
1.538727 -0.089264
1.561707 -0.048218
1.554047 -0.052063
1.558899 -0.035095
1.559021 -0.044342
1.504883 -0.058838
1.528625 -0.009277
1.549744 -0.028168
1.624420 -0.094818
1.618073 -0.095642
1.619446 -0.097107
1.623474 -0.101776
1.619385 -0.103851
1.619812 -0.103424
1.594025 -0.121552
1.604034 -0.105560
1.620697 -0.109680
1.614227 -0.123993
1.591400 -0.123962
1.587891 -0.100098
1.569916 -0.071960
1.591583 -0.082306
1.621002 -0.086609
1.595703 -0.089874
1.613495 -0.143982
1.614349 -0.146576
1.613831 -0.145325
1.614258 -0.148987
1.609802 -0.154846
1.612823 -0.155365
1.609100 -0.141235
1.605682 -0.126740
1.595612 -0.137085
1.619751 -0.126465
1.568634 -0.166351
1.572845 -0.180664
1.593445 -0.156158
1.572235 -0.138489
1.598907 -0.159760
1.604218 -0.172089
1.503723 -0.227539
1.514709 -0.247101
1.530151 -0.197693
1.500092 -0.199158
1.555756 -0.167145
1.561768 -0.174133
1.529022 -0.133118
1.526825 -0.152863
1.618225 -0.223236
1.582123 -0.194489
1.676941 -0.158905
1.668488 -0.171509
1.656342 -0.168793
1.647186 -0.135773
1.628296 -0.153259
1.681152 -0.228363
1.680420 -0.196564
1.744690 -0.236389
1.702789 -0.158691
1.743042 -0.082092
1.746826 -0.083649
1.748962 -0.084351
1.738861 -0.089966
1.738068 -0.086090
1.735199 -0.088501
1.723572 -0.081696
1.733276 -0.083405
1.733307 -0.067535
1.746887 -0.065216
1.696838 -0.123199
1.711914 -0.124847
1.697235 -0.072388
1.704620 -0.076721
1.728058 -0.106323
1.730164 -0.114410
1.628815 -0.073181
1.646790 -0.079742
1.677643 -0.119385
1.660950 -0.098114
1.642426 -0.013428
1.640045 -0.056335
1.723846 -0.024078
1.736145 -0.004059
1.701050 -0.037567
1.697815 -0.061371
1.871948 -0.213684
1.868652 -0.217102
1.868439 -0.216553
1.871185 -0.206543
1.868500 -0.203369
1.870148 -0.203247
1.858124 -0.203430
1.853729 -0.199432
1.861481 -0.194550
1.868317 -0.196869
1.818420 -0.224457
1.824890 -0.249268
1.814606 -0.248810
1.813446 -0.192078
1.831726 -0.217316
1.864319 -0.232819
1.859009 -0.226349
1.785675 -0.192200
1.759369 -0.205505
1.766296 -0.198181
1.755188 -0.155914
1.757019 -0.130859
1.773315 -0.174255
1.752319 -0.159058
1.849121 -0.160400
1.872101 -0.156555
1.862915 -0.151001
1.854645 -0.154907
1.845459 -0.123596
1.860657 -0.103180
1.849060 -0.069519
1.871674 -0.074829
1.751099 -0.098694
1.784698 -0.008667
1.851440 -0.008759
1.919617 -0.077240
1.929901 -0.073364
1.902832 -0.093445
1.885834 -0.092377
1.928650 -0.018921
1.373871 -0.689087
1.373627 -0.688751
1.373901 -0.688934
1.374451 -0.688538
1.374878 -0.689453
1.374512 -0.688995
1.372681 -0.689545
1.371765 -0.688049
1.374359 -0.691254
1.373688 -0.691040
1.370575 -0.693909
1.369141 -0.692261
1.368042 -0.687775
1.370667 -0.688690
1.373138 -0.693848
1.373535 -0.691864
1.364655 -0.698120
1.366516 -0.697083
1.359589 -0.703064
1.361755 -0.702362
1.360596 -0.693237
1.365173 -0.694000
1.370178 -0.702820
1.367920 -0.699921
1.374268 -0.699036
1.373413 -0.696136
1.345673 -0.711395
1.347687 -0.715729
1.347900 -0.718414
1.351654 -0.709290
1.352173 -0.705505
1.355286 -0.703888
1.347198 -0.692505
1.347992 -0.687622
1.358063 -0.693268
1.356445 -0.689606
1.369781 -0.713409
1.374298 -0.718018
1.373932 -0.715637
1.362854 -0.716888
1.360474 -0.711609
1.362091 -0.714661
1.330017 -0.739319
1.336182 -0.746033
1.338715 -0.747101
1.315399 -0.738800
1.324554 -0.734894
1.319733 -0.714874
1.319214 -0.711639
1.316772 -0.714355
1.324127 -0.707520
1.327148 -0.706879
1.326233 -0.704712
1.332672 -0.710876
1.330048 -0.717590
1.322601 -0.695374
1.331390 -0.694702
1.364288 -0.747711
1.365387 -0.745758
1.366058 -0.742950
1.373077 -0.740967
1.368011 -0.738098
1.370056 -0.735962
1.354156 -0.741852
1.354034 -0.722046
1.349274 -0.734039
1.365479 -0.732727
1.263947 -0.693451
1.260315 -0.695038
1.261383 -0.691589
1.254120 -0.696472
1.251129 -0.696045
1.252563 -0.698090
1.259003 -0.716736
1.279297 -0.711273
1.268158 -0.705994
1.275818 -0.698547
1.264862 -0.735626
1.272614 -0.742920
1.297058 -0.727142
1.281586 -0.744202
1.296539 -0.716492
1.303955 -0.717072
1.278931 -0.672913
1.278320 -0.678314
1.278778 -0.676636
1.272003 -0.674316
1.269135 -0.673889
1.266418 -0.673981
1.263123 -0.672424
1.250000 -0.664398
1.272949 -0.665649
1.276520 -0.668854
1.309540 -0.686981
1.282288 -0.687469
1.274109 -0.640778
1.258972 -0.644318
1.291870 -0.631042
1.301880 -0.649841
1.358398 -0.637939
1.349426 -0.637695
1.349060 -0.644897
1.358368 -0.645416
1.343201 -0.670013
1.317596 -0.648834
1.343964 -0.684814
1.468506 -0.736877
1.462708 -0.734833
1.462067 -0.737793
1.463867 -0.746826
1.468353 -0.742889
1.465576 -0.744354
1.444855 -0.739227
1.450165 -0.720215
1.441437 -0.733307
1.467194 -0.719727
1.480957 -0.735718
1.497803 -0.743835
1.439667 -0.692749
1.457550 -0.693298
1.477295 -0.716705
1.491211 -0.717255
1.408905 -0.696625
1.426056 -0.700745
1.417419 -0.727539
1.426514 -0.738403
1.406342 -0.659973
1.410583 -0.680664
1.426788 -0.628754
1.409515 -0.638550
1.451782 -0.685303
1.489838 -0.633575
1.277649 -0.617157
1.281006 -0.612488
1.278015 -0.612732
1.266724 -0.613800
1.266754 -0.609802
1.266479 -0.611694
1.257568 -0.622375
1.258636 -0.597900
1.263092 -0.606384
1.280914 -0.602661
1.292786 -0.609833
1.284515 -0.602264
1.278992 -0.573578
1.267120 -0.592743
1.288208 -0.565033
1.289093 -0.587311
1.327606 -0.591156
1.325928 -0.568481
1.338318 -0.607788
1.334503 -0.622986
1.304565 -0.535522
1.284790 -0.512909
1.354584 -0.507935
1.353058 -0.529541
1.317352 -0.549713
1.331787 -0.557495
1.452026 -0.522186
1.459015 -0.523590
1.462219 -0.528229
1.471588 -0.544342
1.492035 -0.535248
1.422272 -0.572937
1.413330 -0.505219
1.399353 -0.514343
1.485779 -0.575500
1.023560 -0.769867
1.004669 -0.779694
1.001648 -0.767670
1.043396 -0.782867
1.051117 -0.803314
1.037994 -0.848572
1.076935 -0.843994
1.070740 -0.796600
1.055054 -0.942291
1.201691 -0.941833
1.145050 -0.958923
1.230377 -0.839996
1.167725 -0.840881
1.199402 -0.733826
1.197144 -0.734192
1.195465 -0.732422
1.192780 -0.721466
1.187561 -0.721161
1.190857 -0.721375
1.197083 -0.737915
1.191010 -0.737244
1.204773 -0.744568
1.205353 -0.732697
1.233398 -0.743988
1.233521 -0.719788
1.199799 -0.701202
1.197357 -0.712341
1.226379 -0.701660
1.238586 -0.708038
1.169952 -0.714233
1.133179 -0.725769
1.156921 -0.662292
1.171661 -0.676300
1.175995 -0.652588
1.185486 -0.636169
1.243469 -0.647217
1.245636 -0.637238
1.195374 -0.669617
1.212402 -0.668365
1.054047 -0.652466
1.014130 -0.628174
1.019653 -0.653503
1.029816 -0.698212
1.061523 -0.730743
1.033386 -0.740601
1.084900 -0.560272
1.111206 -0.589264
1.072449 -0.572388
1.158508 -0.589172
1.160461 -0.622040
1.172119 -0.597626
1.177002 -0.531952
1.140564 -0.541748
1.152344 -0.554321
1.279358 -0.964600
1.274139 -0.963989
1.274872 -0.960999
1.266541 -0.964722
1.271210 -0.964539
1.270935 -0.962280
1.257080 -0.953461
1.263611 -0.949249
1.275421 -0.941681
1.269775 -0.949402
1.255676 -0.994293
1.273621 -0.989502
1.290192 -0.995880
1.291382 -0.971069
1.312408 -0.945251
1.281494 -0.967560
1.339264 -0.950745
1.326843 -0.960693
1.333466 -0.980164
1.320862 -0.975006
1.276855 -0.898285
1.280945 -0.888000
1.264465 -0.910492
1.266571 -0.918549
1.353729 -0.877625
1.317657 -0.896667
1.378632 -0.913910
1.422607 -0.921906
1.412689 -0.925781
1.426910 -0.989807
1.386444 -0.953522
1.394836 -0.967072
1.323120 -0.809296
1.355042 -0.759827
1.357697 -0.769836
1.329651 -0.856995
1.364502 -0.865631
1.356018 -0.863983
1.409271 -0.866699
1.424622 -0.811462
1.433441 -0.765717
1.020935 -0.220428
1.018768 -0.221375
1.016510 -0.220154
1.019379 -0.232147
1.015808 -0.230133
1.017975 -0.228882
1.014221 -0.234802
1.012115 -0.232605
1.016724 -0.248291
1.022064 -0.235992
1.049164 -0.248230
1.043091 -0.244843
1.020691 -0.190186
1.001617 -0.205933
1.042297 -0.189026
1.054657 -0.206177
1.116486 -0.222168
1.096832 -0.237946
1.089844 -0.249634
1.068207 -0.226318
1.059631 -0.176849
1.041809 -0.174835
1.006561 -0.171875
1.018036 -0.158844
1.086365 -0.172760
1.117188 -0.155273
1.228394 -0.169495
1.201050 -0.127502
1.145905 -0.244995
1.166290 -0.222412
1.059662 -0.089722
1.030151 -0.108093
1.029449 -0.112640
1.121918 -0.021820
1.093201 -0.006958
1.066101 -0.011444
1.217957 -0.076080
1.214447 -0.103149
1.189392 -0.118622
1.243347 -0.033905
1.198639 -0.005707
1.206146 -0.005005
1.232910 -0.495087
1.231232 -0.438812
1.222595 -0.463379
1.140381 -0.376923
1.143219 -0.410400
1.146271 -0.423431
1.079132 -0.395386
1.004028 -0.498627
1.037018 -0.350342
1.129547 -0.262512
1.392426 -0.322510
1.481354 -0.372253
1.460297 -0.411316
1.386169 -0.429657
1.261719 -0.007355
1.302429 -0.047913
1.306213 -0.038239
1.254456 -0.083954
1.286774 -0.095428
1.299011 -0.107361
1.280243 -0.218658
1.411041 -0.234070
1.484467 -0.158051
1.491089 -0.014740
1.593506 -0.582428
1.592804 -0.582642
1.593079 -0.582977
1.592865 -0.583435
1.593353 -0.583832
1.593292 -0.583649
1.590698 -0.584869
1.591064 -0.584839
1.589905 -0.583557
1.593201 -0.584106
1.587036 -0.584595
1.588409 -0.585846
1.587219 -0.578217
1.587189 -0.581512
1.592560 -0.579285
1.590485 -0.578613
1.579224 -0.589325
1.583344 -0.587250
1.584961 -0.584442
1.583649 -0.583588
1.585052 -0.581970
1.582062 -0.578827
1.592468 -0.591125
1.590576 -0.591492
1.588440 -0.591614
1.588196 -0.593048
1.571991 -0.586456
1.575592 -0.593475
1.577179 -0.589905
1.571411 -0.582092
1.572144 -0.580597
1.573608 -0.580017
1.574493 -0.563904
1.573669 -0.562714
1.564941 -0.566803
1.565857 -0.566254
1.590057 -0.571625
1.589539 -0.570618
1.585999 -0.570953
1.585785 -0.569824
1.585266 -0.562805
1.585449 -0.565125
1.571014 -0.620392
1.577240 -0.621796
1.574982 -0.623230
1.569305 -0.610748
1.563629 -0.609558
1.562622 -0.612793
1.591553 -0.622559
1.567902 -0.606842
1.592285 -0.603973
1.581024 -0.609161
1.606110 -0.598907
1.602570 -0.598694
1.602966 -0.599792
1.608276 -0.606781
1.602112 -0.602936
1.605377 -0.604492
1.593994 -0.620178
1.606903 -0.618713
1.617065 -0.618744
1.610565 -0.603241
1.607147 -0.574005
1.600128 -0.573914
1.600250 -0.577637
1.594086 -0.588623
1.600159 -0.582214
1.555023 -0.619171
1.548340 -0.609924
1.534454 -0.605011
1.541473 -0.600861
1.502594 -0.597229
1.518066 -0.573730
1.547150 -0.568939
1.560394 -0.507599
1.555145 -0.505615
1.557465 -0.506104
1.548248 -0.513580
1.551666 -0.513641
1.554077 -0.511841
1.535797 -0.522247
1.539459 -0.524109
1.546783 -0.509003
1.547394 -0.529510
1.507172 -0.557312
1.504486 -0.534851
1.508636 -0.510986
1.509308 -0.520325
1.557831 -0.546783
1.539764 -0.557373
1.586182 -0.555115
1.593567 -0.561340
1.591217 -0.561249
1.593628 -0.551819
1.588226 -0.553894
1.587616 -0.551758
1.575623 -0.557434
1.569153 -0.542816
1.564209 -0.533264
1.579437 -0.539886
1.608490 -0.558350
1.599792 -0.538330
1.578369 -0.522858
1.589569 -0.510376
1.621826 -0.529419
1.609619 -0.501038
1.601654 -0.677307
1.606079 -0.676453
1.608368 -0.678070
1.599640 -0.685150
1.595520 -0.686127
1.595062 -0.685272
1.615906 -0.680115
1.623901 -0.681427
1.608459 -0.662781
1.617279 -0.664368
1.563843 -0.669525
1.572266 -0.677277
1.585876 -0.641144
1.574158 -0.652435
1.602722 -0.648682
1.615967 -0.655273
1.553070 -0.694031
1.541565 -0.703613
1.520142 -0.705170
1.515686 -0.691437
1.502228 -0.680634
1.541626 -0.667267
1.570374 -0.698242
1.578949 -0.697845
1.624634 -0.698883
1.610870 -0.711761
1.645355 -0.686707
1.642456 -0.682709
1.643311 -0.680298
1.649902 -0.677673
1.649780 -0.673950
1.651886 -0.674286
1.638428 -0.674164
1.632385 -0.668457
1.633942 -0.668091
1.645264 -0.670532
1.663788 -0.660889
1.680695 -0.671783
1.627380 -0.644531
1.653564 -0.645935
1.686707 -0.642242
1.656921 -0.641235
1.671265 -0.689972
1.641449 -0.694061
1.699219 -0.689575
1.712738 -0.713318
1.725311 -0.719299
1.725647 -0.745056
1.716705 -0.673309
1.697388 -0.681641
1.740570 -0.651245
1.746185 -0.635559
1.680389 -0.519928
1.670319 -0.503082
1.669159 -0.513763
1.668976 -0.549164
1.684265 -0.532410
1.654358 -0.613159
1.735168 -0.604095
1.721130 -0.504211
1.718842 -0.558960
1.516724 -0.960663
1.510986 -0.954742
1.513641 -0.966278
1.524292 -0.982666
1.506836 -0.981323
1.563995 -0.953674
1.538513 -0.888214
1.621979 -0.904510
1.654816 -0.969971
1.570526 -0.870636
1.541168 -0.766693
1.677460 -0.824860
1.756165 -0.768890
1.801575 -0.560638
1.797455 -0.562103
1.797607 -0.558624
1.801331 -0.553192
1.800537 -0.553314
1.797668 -0.554382
1.787384 -0.554749
1.784302 -0.538788
1.791901 -0.546478
1.808777 -0.532135
1.771790 -0.542206
1.765839 -0.554352
1.751801 -0.526154
1.769470 -0.507050
1.799927 -0.511261
1.794312 -0.513916
1.764313 -0.605896
1.766541 -0.612885
1.767090 -0.571472
1.781036 -0.592163
1.778625 -0.681519
1.774323 -0.740784
1.779144 -0.725342
0.113922 -1.550537
0.114014 -1.549988
0.113800 -1.549957
0.113892 -1.549408
0.113495 -1.549652
0.113708 -1.549530
0.115936 -1.549164
0.114441 -1.547607
0.113586 -1.548584
0.116699 -1.547974
0.109863 -1.552368
0.112732 -1.551453
0.113098 -1.550140
0.110138 -1.547852
0.116486 -1.554504
0.116150 -1.551270
0.110992 -1.558868
0.111420 -1.561859
0.112305 -1.556335
0.110840 -1.557648
0.121277 -1.556091
0.124512 -1.555420
0.119812 -1.560120
0.120697 -1.562134
0.123688 -1.550659
0.118591 -1.551239
0.097107 -1.561615
0.098145 -1.558472
0.107452 -1.553833
0.104431 -1.550415
0.097504 -1.540588
0.097687 -1.539307
0.100433 -1.540314
0.103210 -1.545410
0.104248 -1.539490
0.102997 -1.541138
0.121033 -1.532593
0.117859 -1.536987
0.119354 -1.535278
0.119934 -1.539215
0.123199 -1.540863
0.122009 -1.540466
0.063446 -1.549377
0.073578 -1.550934
0.070740 -1.548981
0.067505 -1.546112
0.072388 -1.544281
0.089233 -1.513306
0.092346 -1.508667
0.090668 -1.510834
0.083832 -1.512726
0.080841 -1.509399
0.078522 -1.509827
0.070892 -1.529541
0.064178 -1.506805
0.091400 -1.526398
0.087921 -1.517792
0.118561 -1.503204
0.120483 -1.505188
0.120026 -1.506439
0.112793 -1.501404
0.114288 -1.500732
0.116669 -1.502502
0.098877 -1.517853
0.106689 -1.519928
0.094971 -1.515198
0.123322 -1.523651
0.006195 -1.623352
0.002899 -1.620483
0.001190 -1.619141
0.010803 -1.616394
0.015564 -1.614685
0.014832 -1.616364
0.024200 -1.615875
0.010986 -1.607147
0.026855 -1.602570
0.023041 -1.595245
0.054932 -1.614349
0.056030 -1.598785
0.006226 -1.564270
0.016876 -1.568939
0.048401 -1.581818
0.044220 -1.577087
0.014404 -1.533661
0.008148 -1.535004
0.008423 -1.531403
0.002167 -1.534943
0.007507 -1.534515
0.007141 -1.531677
0.011017 -1.549225
0.020905 -1.553955
0.025482 -1.534302
0.030243 -1.541687
0.052551 -1.550171
0.034821 -1.543488
0.020782 -1.500854
0.013977 -1.524445
0.044769 -1.514404
0.044647 -1.522034
0.088440 -1.606232
0.086639 -1.596405
0.081635 -1.617523
0.091980 -1.618011
0.101318 -1.599579
0.076843 -1.564789
0.097900 -1.579010
0.033295 -1.694580
0.057129 -1.693848
0.059601 -1.699371
0.013000 -1.695374
0.004852 -1.707458
0.067719 -1.742218
0.002472 -1.661377
0.034943 -1.656158
0.106110 -1.667236
0.245392 -1.698151
0.248627 -1.699280
0.249908 -1.702667
0.240295 -1.698700
0.238525 -1.701660
0.242035 -1.700867
0.232208 -1.710907
0.229797 -1.715179
0.222229 -1.690826
0.249237 -1.706390
0.190491 -1.735565
0.207245 -1.722961
0.204315 -1.690613
0.189087 -1.700806
0.233246 -1.748657
0.236816 -1.722107
0.130707 -1.731567
0.151428 -1.735229
0.165100 -1.728668
0.167694 -1.747314
0.162415 -1.640350
0.159790 -1.676636
0.218567 -1.680695
0.217712 -1.661591
0.233826 -1.648010
0.233887 -1.627899
0.243347 -1.535980
0.248535 -1.536194
0.247986 -1.536346
0.245300 -1.543457
0.247925 -1.543610
0.249939 -1.543671
0.221985 -1.555878
0.232574 -1.532562
0.221527 -1.544495
0.248138 -1.555389
0.204041 -1.558838
0.205200 -1.543182
0.193054 -1.513336
0.197327 -1.524078
0.227234 -1.501740
0.222382 -1.522522
0.147278 -1.614807
0.159668 -1.570740
0.150604 -1.525269
0.135345 -1.517944
0.167145 -1.543060
0.174530 -1.558563
0.247284 -1.602753
0.232758 -1.610657
0.241302 -1.569916
0.241150 -1.586334
0.180054 -1.934204
0.186066 -1.934723
0.184265 -1.935089
0.176605 -1.925568
0.174683 -1.924011
0.173920 -1.922333
0.166107 -1.936554
0.162445 -1.907043
0.182922 -1.918793
0.177856 -1.907135
0.136658 -1.915222
0.152069 -1.912537
0.152008 -1.883942
0.131134 -1.881775
0.158691 -1.893036
0.173065 -1.901062
0.161835 -1.959015
0.168274 -1.951874
0.210968 -1.940430
0.227264 -1.881317
0.246033 -1.895782
0.240082 -1.909760
0.248016 -1.928894
0.028687 -1.925018
0.010132 -1.901245
0.025269 -1.876587
0.060608 -1.964264
0.049530 -1.833679
0.029633 -1.838501
0.013275 -1.821014
0.066711 -1.872467
0.113617 -1.870972
0.094604 -1.857025
0.236603 -1.838989
0.146149 -1.852600
0.130493 -1.830078
0.252228 -1.898071
0.360168 -1.918182
0.382874 -1.900238
0.282410 -1.807739
0.312775 -1.853790
0.366760 -1.838104
0.490570 -1.831146
0.379974 -1.525146
0.375671 -1.527008
0.375000 -1.525360
0.375488 -1.521027
0.379059 -1.517212
0.381989 -1.515778
0.399658 -1.516052
0.405304 -1.526550
0.387817 -1.503265
0.392120 -1.503174
0.390106 -1.543732
0.395630 -1.555664
0.432465 -1.557190
0.426178 -1.546570
0.411652 -1.506775
0.435425 -1.504822
0.423340 -1.607788
0.431610 -1.566803
0.443207 -1.574036
0.464600 -1.587067
0.488586 -1.614655
0.474091 -1.608795
0.487091 -1.553925
0.498596 -1.545441
0.484955 -1.511780
0.477997 -1.521454
0.263794 -1.660675
0.308838 -1.684174
0.295563 -1.664032
0.366364 -1.710785
0.364502 -1.745880
0.358826 -1.746674
0.354645 -1.550385
0.353210 -1.502960
0.361206 -1.529358
0.364746 -1.612427
0.324219 -1.599854
0.335327 -1.601624
0.381531 -1.677734
0.471375 -1.627136
0.476288 -1.677307
0.561127 -1.758698
0.559021 -1.763672
0.562073 -1.762909
0.558746 -1.755615
0.556915 -1.752533
0.555054 -1.751404
0.543701 -1.769531
0.536316 -1.762939
0.551727 -1.781189
0.551483 -1.770660
0.526764 -1.800354
0.500214 -1.788452
0.525177 -1.756897
0.511749 -1.766022
0.531555 -1.809875
0.551239 -1.782806
0.532318 -1.819092
0.557709 -1.828857
0.510468 -1.846558
0.525909 -1.857758
0.614441 -1.823883
0.612549 -1.831116
0.622284 -1.853210
0.613373 -1.792480
0.618744 -1.772369
0.702942 -1.797516
0.724823 -1.781433
0.584076 -1.585571
0.531769 -1.588898
0.742218 -1.721741
0.726746 -1.661560
0.895874 -1.660339
0.886627 -1.638153
0.893982 -1.635895
0.770569 -1.744019
0.780731 -1.664154
0.868927 -1.598846
0.937805 -1.559601
0.005341 -1.290161
0.000702 -1.289215
0.003723 -1.289246
0.009857 -1.289368
0.010681 -1.294525
0.008118 -1.293762
0.009064 -1.310791
0.004272 -1.299164
0.020508 -1.310944
0.031097 -1.290924
0.032593 -1.302673
0.062439 -1.294098
0.013397 -1.250793
0.016083 -1.270508
0.035980 -1.277557
0.052338 -1.252014
0.055511 -1.368469
0.030884 -1.321411
0.106293 -1.353577
0.117126 -1.359894
0.095001 -1.328186
0.103668 -1.325623
0.097321 -1.258484
0.116760 -1.263672
0.063904 -1.308044
0.091553 -1.281494
0.103058 -1.415161
0.091858 -1.404327
0.072113 -1.387054
0.095886 -1.459717
0.078766 -1.466461
0.074097 -1.456451
0.207764 -1.426575
0.172211 -1.387695
0.126312 -1.431244
0.217041 -1.257568
0.205048 -1.291351
0.197815 -1.299927
0.134766 -1.277069
0.128723 -1.287323
0.147034 -1.291321
0.427765 -1.318512
0.390717 -1.327545
0.395447 -1.335266
0.410950 -1.284119
0.376129 -1.306885
0.401764 -1.281647
0.330322 -1.436676
0.297913 -1.438538
0.344025 -1.294037
0.404419 -1.387451
0.219818 -1.201355
0.160126 -1.139984
0.217773 -1.058777
0.177979 -1.048065
0.296875 -1.192322
0.268677 -1.221558
0.255463 -1.247101
0.316772 -1.146179
0.337585 -1.172668
0.334686 -1.163391
0.485168 -1.160248
0.420013 -1.245819
0.315765 -1.086029
0.378326 -1.115173
0.581787 -1.437592
0.584717 -1.467316
0.580719 -1.476654
0.574005 -1.492035
0.514069 -1.459839
0.514618 -1.398376
0.600769 -1.405029
0.657532 -1.400909
0.631256 -1.440643
0.556519 -1.274780
0.651306 -1.310059
0.969757 -1.327789
0.836365 -1.487213
0.509766 -1.037964
0.666626 -1.248810
0.634521 -1.125031
0.933624 -1.232971
0.959137 -1.106842
0.700043 -0.728027
0.744812 -0.689270
0.721680 -0.698914
0.679749 -0.737305
0.684784 -0.732391
0.645050 -0.865601
0.741547 -0.847198
0.681000 -0.943939
0.686920 -0.933319
0.776215 -0.922333
0.795624 -0.934235
0.804749 -0.911957
0.766357 -0.977417
0.755493 -0.953156
0.775970 -0.938934
0.951752 -0.884735
0.756958 -0.825104
0.865814 -0.795105
0.994476 -0.845551
0.941528 -0.592255
0.989136 -0.606812
0.993042 -0.616241
0.973328 -0.561676
0.978851 -0.502228
0.981262 -0.527008
0.810181 -0.636902
0.812805 -0.742218
0.844849 -0.581360
0.889069 -0.680542
0.970428 -0.494781
1.309113 -1.037292
1.309021 -1.037933
1.309052 -1.037781
1.309753 -1.037659
1.310089 -1.038086
1.310364 -1.037811
1.310547 -1.038757
1.311584 -1.037750
1.309326 -1.035522
1.310974 -1.036407
1.304688 -1.037903
1.306641 -1.037872
1.306671 -1.034393
1.305084 -1.033112
1.310333 -1.032410
1.311951 -1.033173
1.304596 -1.043579
1.297424 -1.043671
1.297821 -1.038391
1.298950 -1.037628
1.301819 -1.035095
1.303986 -1.034760
1.306274 -1.046234
1.307404 -1.044800
1.311035 -1.042145
1.309570 -1.041748
1.295929 -1.049377
1.291412 -1.046997
1.290680 -1.047760
1.283722 -1.054565
1.287903 -1.048828
1.286926 -1.050262
1.284760 -1.045349
1.287689 -1.046021
1.290924 -1.037262
1.296112 -1.038361
1.309082 -1.049469
1.304871 -1.049500
1.307648 -1.047211
1.311096 -1.054840
1.308960 -1.059387
1.308929 -1.062469
1.254059 -1.037231
1.251495 -1.036682
1.253845 -1.035339
1.256592 -1.040955
1.256042 -1.045715
1.255463 -1.043427
1.258545 -1.049622
1.254181 -1.056885
1.270966 -1.051117
1.269958 -1.046387
1.272064 -1.024414
1.271393 -1.015900
1.267578 -1.016357
1.261841 -1.026245
1.252106 -1.026581
1.307220 -1.028870
1.304810 -1.026794
1.308350 -1.025208
1.305023 -1.021393
1.312225 -1.018707
1.309143 -1.016113
1.288025 -1.026184
1.285767 -1.013824
1.291718 -1.006744
1.301605 -1.001984
1.250854 -1.106293
1.255890 -1.107117
1.257690 -1.108643
1.263367 -1.096924
1.259735 -1.095306
1.260681 -1.095490
1.259888 -1.114746
1.271484 -1.112549
1.271606 -1.099274
1.276611 -1.105804
1.286499 -1.101776
1.309967 -1.094696
1.271027 -1.078064
1.265411 -1.092499
1.305542 -1.080536
1.305786 -1.073700
1.316803 -1.064331
1.315491 -1.064514
1.313141 -1.065308
1.324402 -1.068481
1.327667 -1.063385
1.325623 -1.062775
1.324860 -1.088043
1.340851 -1.085968
1.331818 -1.079224
1.342499 -1.077606
1.337921 -1.109406
1.323456 -1.118073
1.361664 -1.109955
1.344452 -1.100250
1.346039 -1.072845
1.345947 -1.085052
1.365906 -1.039551
1.368378 -1.044525
1.365204 -1.051910
1.367798 -1.055176
1.335663 -1.051849
1.326263 -1.011169
1.347595 -1.001099
1.313263 -1.184509
1.320160 -1.185120
1.316589 -1.186646
1.321838 -1.184753
1.322266 -1.182922
1.322784 -1.180237
1.328430 -1.181152
1.325775 -1.167816
1.342712 -1.167725
1.336884 -1.159302
1.345978 -1.185150
1.371582 -1.181091
1.329865 -1.125946
1.327332 -1.129700
1.346100 -1.139954
1.360352 -1.139130
1.275940 -1.248688
1.250885 -1.236450
1.293976 -1.248566
1.307037 -1.224701
1.259552 -1.146637
1.282410 -1.148956
1.359833 -1.240204
1.355896 -1.223236
1.344360 -1.218109
1.353546 -1.196014
1.495667 -1.149811
1.499573 -1.154846
1.496918 -1.155151
1.485107 -1.146423
1.489136 -1.143005
1.491547 -1.142822
1.470062 -1.144562
1.468872 -1.152679
1.472626 -1.132172
1.497253 -1.131836
1.444702 -1.185516
1.445862 -1.161743
1.457520 -1.139435
1.465485 -1.155670
1.489502 -1.157562
1.486420 -1.173553
1.395081 -1.217560
1.375092 -1.200134
1.414093 -1.206268
1.427673 -1.209015
1.393829 -1.128876
1.395569 -1.160614
1.496613 -1.226990
1.471863 -1.221161
1.461182 -1.202789
1.464905 -1.213959
1.386505 -1.077332
1.401733 -1.081116
1.394531 -1.083130
1.402985 -1.100098
1.390350 -1.120544
1.444366 -1.109924
1.388702 -1.016296
1.427490 -1.054779
1.488098 -1.031525
1.244873 -1.494568
1.247742 -1.497253
1.248627 -1.497498
1.239685 -1.485718
1.237549 -1.485168
1.234497 -1.485565
1.227783 -1.494202
1.229126 -1.476868
1.229736 -1.469696
1.236572 -1.473236
1.213043 -1.470886
1.189514 -1.487793
1.191895 -1.447083
1.209625 -1.439606
1.236115 -1.439575
1.219269 -1.451019
1.157318 -1.463287
1.179230 -1.457581
1.176941 -1.486176
1.160553 -1.479919
1.129120 -1.430664
1.164520 -1.401398
1.247192 -1.424286
1.220245 -1.426178
1.218231 -1.403961
1.205109 -1.375458
1.022675 -1.378510
1.081207 -1.424011
1.113892 -1.418854
1.042603 -1.364197
1.026672 -1.345184
1.027100 -1.374542
1.027374 -1.275696
1.027985 -1.309906
1.004272 -1.307800
1.247223 -1.255432
1.236603 -1.306763
1.241577 -1.290192
1.244110 -1.358368
1.193665 -1.337280
1.193207 -1.323212
1.071045 -1.203796
1.074463 -1.210632
1.077515 -1.208832
1.065979 -1.211487
1.068237 -1.214783
1.067505 -1.211578
1.089783 -1.211884
1.063995 -1.200623
1.063293 -1.187561
1.080231 -1.199463
1.069611 -1.248291
1.080017 -1.245667
1.122162 -1.233337
1.121307 -1.244934
1.119995 -1.194122
1.116364 -1.216064
1.032654 -1.218750
1.048584 -1.216339
1.007660 -1.242554
1.020599 -1.241272
1.029541 -1.158569
1.021301 -1.184967
1.027863 -1.143372
1.025726 -1.133087
1.098602 -1.181122
1.088654 -1.127075
1.131073 -1.160767
1.137726 -1.144775
1.142731 -1.146393
1.214966 -1.217346
1.225098 -1.188019
1.244141 -1.199005
1.071991 -1.013794
1.079712 -1.034851
1.078888 -1.059570
1.086273 -1.111298
1.099335 -1.079346
1.098389 -1.068878
1.189545 -1.066101
1.226257 -1.060852
1.216797 -1.050507
1.313812 -1.459106
1.326660 -1.437286
1.337311 -1.381439
1.333435 -1.312103
1.481628 -1.289276
1.040314 -1.502258
1.027222 -1.507172
1.023529 -1.529297
1.081299 -1.550507
1.123779 -1.560791
1.106262 -1.539032
1.028931 -1.634827
1.560059 -1.036285
0.480927 0.964600
0.477264 0.961884
0.479401 0.964661
0.481323 0.959564
0.480499 0.953766
0.483337 0.955536
0.479340 0.952728
0.474518 0.940125
0.496399 0.944183
0.495148 0.964691
0.446533 0.955139
0.453278 0.943848
0.455933 0.997253
0.440796 0.975739
0.477722 0.997345
0.494476 0.985565
0.418182 0.998962
0.417236 0.971375
0.425232 0.957489
0.422424 0.943359
0.444672 0.914398
0.456024 0.917480
0.498840 0.905609
0.490265 0.887878
0.255493 0.984253
0.284027 0.993347
0.297821 0.994232
0.232391 0.978577
0.918976 0.438354
0.869720 0.726013
0.843872 0.571014
0.742432 0.706787
1.017914 0.629639
1.226593 0.595093
1.150543 0.547455
1.155884 0.863434
1.208862 0.989960
1.117645 0.135651
1.529144 0.282013
1.502899 0.589142
0.560486 1.897980
0.572662 1.829681
0.697571 1.829376
0.718292 1.761505
0.613922 1.627625
0.731750 1.690399
0.955048 1.520691
0.992706 1.716553
0.021454 1.297150
0.166809 1.390839
0.305206 1.010925
0.498627 1.009735
0.004059 1.896545
0.225250 1.848511
0.403168 1.716156
0.368408 1.521942
0.509735 1.053833
1.085602 1.248199
1.145721 1.091980
1.279938 1.478455
1.310699 1.300873
1.562164 1.063049
