135
-0.751862 -0.273682
-0.789642 -0.264130
-0.788483 -0.269897
-0.816071 -0.263367
-0.854034 -0.290253
-0.859497 -0.284698
-0.905762 -0.263947
-0.802490 -0.392517
-0.681335 -0.319061
-0.627808 -0.462372
-0.897797 -0.050995
-0.983459 -0.144867
-0.696747 -0.168274
-0.697296 -0.029938
-0.697571 -0.064178
-0.671112 -0.503479
-0.150330 -0.976471
-0.175323 -0.806274
-0.400635 -0.720886
-0.405487 -0.566986
-0.126190 -0.395203
-0.097076 -0.263611
-0.363220 -0.208679
-0.355133 -0.117523
0.037170 -0.312927
0.032806 -0.316193
0.032623 -0.314178
0.043060 -0.326965
0.040771 -0.322144
0.041229 -0.320709
0.042267 -0.341125
0.054382 -0.338959
0.057373 -0.337128
0.051849 -0.327240
0.026459 -0.371796
0.014465 -0.366455
0.010529 -0.322327
0.024200 -0.323212
0.046661 -0.362823
0.047913 -0.346863
0.092712 -0.359680
0.062531 -0.363373
0.091583 -0.343201
0.064514 -0.314453
0.060242 -0.292419
0.041718 -0.302734
0.018188 -0.285278
0.004242 -0.295593
0.063141 -0.273254
0.064575 -0.385315
0.079712 -0.415527
0.073334 -0.414856
0.009705 -0.457947
0.061066 -0.466034
0.036774 -0.455933
0.181702 -0.458588
0.198517 -0.399078
0.196014 -0.425018
0.127106 -0.318909
0.186584 -0.341492
0.167145 -0.338165
0.235077 -0.362793
0.200317 -0.331024
0.217590 -0.323059
0.324280 -0.431946
0.294098 -0.484558
0.382477 -0.462006
0.493958 -0.418152
0.136658 -0.034332
0.174042 -0.033417
0.162781 -0.039398
0.215302 -0.114960
0.243958 -0.082275
0.221924 -0.073761
0.104492 -0.183350
0.122070 -0.022217
0.074280 -0.111298
0.201294 -0.209015
0.459778 -0.086670
0.440765 -0.117310
0.459351 -0.096283
0.448059 -0.051819
0.450989 -0.003998
0.466522 -0.025604
0.339569 -0.153961
0.294342 -0.065552
0.326569 -0.112122
0.488190 -0.171906
0.408417 -0.902405
0.432892 -0.892944
0.283813 -0.795227
0.403198 -0.767853
0.441406 -0.812592
0.010345 -0.763184
0.218262 -0.962982
0.034302 -0.668549
0.218018 -0.630035
0.252930 -0.681213
0.442963 -0.723236
0.624847 -0.701996
0.746094 -0.551758
0.634460 -0.201324
0.649139 -0.243378
0.632965 -0.221191
0.704437 -0.226349
0.721771 -0.189117
0.739929 -0.214844
0.512848 -0.242828
0.525909 -0.013885
0.523987 -0.099884
0.671906 -0.069946
0.568298 -0.275238
0.703735 -0.489746
0.760712 -0.384155
0.931946 -0.229309
0.858612 -0.145142
-0.688965 0.660156
-0.746490 0.655243
-0.725098 0.636658
-0.666107 0.562958
-0.597992 0.528564
-0.521332 0.737946
-0.528076 0.669556
-0.959015 0.280365
-0.800690 0.266052
-0.635193 0.296692
-0.589294 0.487122
-0.256989 0.126129
-0.431244 0.081299
-0.129761 0.395508
-0.212341 0.347717
-0.164703 0.843567
0.369080 0.533142
0.130493 0.534698
0.106628 0.597168
68
0.380127 -0.964874
0.421906 -0.963287
0.421661 -0.956451
0.435852 -0.926971
0.289246 -0.991608
0.906738 -0.805115
0.870636 -0.825958
0.788055 -0.764252
0.976746 -0.405670
0.982056 -1.389008
0.950409 -1.389374
0.961060 -1.390259
0.904724 -1.376831
0.884583 -1.411987
0.902710 -1.408447
0.867340 -1.434387
0.810760 -1.455841
0.778961 -1.318939
0.929413 -1.291809
0.661926 -1.453644
0.522186 -1.370331
0.690430 -1.096069
0.529816 -1.044037
0.956451 -1.180725
0.751740 -1.113495
0.331787 -1.657349
0.112396 -1.002319
0.217316 -1.219147
0.372742 -1.459473
0.291840 -1.347748
0.645172 -1.529297
0.586365 -1.613831
0.752228 -1.777313
1.016144 -1.490417
1.079559 -0.867645
1.129364 -0.792114
1.197418 -0.845673
1.383118 -0.920441
1.258820 -0.879913
1.683716 -0.895416
1.358521 -0.052643
1.758667 -0.250153
1.266510 0.573608
1.273712 0.597626
1.263824 0.606293
1.290466 0.537109
1.280792 0.554535
1.263519 0.538086
1.406097 0.569977
1.456482 0.619171
1.306885 0.625732
1.080780 0.507385
1.165009 0.664246
1.155243 0.792419
1.087341 0.800140
1.341187 0.141663
1.350372 0.061035
1.276581 0.450165
1.404480 0.345001
1.682098 0.073517
1.681732 0.199615
1.786743 0.023865
0.871338 0.936646
0.861053 0.675751
0.964844 0.601074
0.986694 1.042877
0.538605 1.317505
0.664948 1.252655
